# This file was generated by Animated Java via MC-Build. It is not recommended to edit this file directly.
$data merge entity $(bone_core) { transformation: [-0.996917333733128f,0f,0.07845909572784507f,0f,0f,1f,0f,0f,-0.07845909572784507f,0f,-0.996917333733128f,0f,0f,0f,0f,1f], start_interpolation: 0, interpolation_duration: 1 }
$data merge entity $(bone_flipper) { transformation: [-0.996917333733128f,0f,0.07845909572784507f,0.09663318773925272f,0f,1f,0f,0.0625f,-0.07845909572784507f,0f,-0.996917333733128f,-0.4312476400252532f,0f,0f,0f,1f], start_interpolation: 0, interpolation_duration: 1 }
$data merge entity $(bone_flipper2) { transformation: [-0.7604059656000309f,-0.028328525993775736f,-0.6488299176940784f,-0.34442183925198105f,3.469446951953614e-18f,0.9990482215818578f,-0.043619387365336f,0.0625f,0.6494480483301837f,-0.03316844236842011f,-0.7596822276129462f,-0.4032661610478649f,0f,0f,0f,1f], start_interpolation: 0, interpolation_duration: 1 }
$data merge entity $(bone_flipper3) { transformation: [0.7716245833877196f,-0.02774534228494932f,-0.6354728147554537f,-0.4032661610478649f,1.734723475976807e-18f,0.9990482215818578f,-0.04361938736533599f,0.0625f,0.6360782202777643f,0.033657791603404943f,0.7708901677623431f,0.34442183925198105f,0f,0f,0f,1f], start_interpolation: 0, interpolation_duration: 1 }
$data merge entity $(bone_flipper4) { transformation: [0.5664062369248325f,0.03594787945942167f,0.8233418031018596f,0.34442183925198105f,3.469446951953614e-18f,0.9990482215818578f,-0.043619387365336f,0.0625f,-0.8241261886220158f,0.024706293054566557f,0.5658671436926264f,0.4032661610478649f,0f,0f,0f,1f], start_interpolation: 0, interpolation_duration: 1 }
$data merge entity $(bone_flipper5) { transformation: [-0.5075383629607042f,0.03758373611456815f,0.8608090804021754f,0.4032661610478649f,0f,0.9990482215818578f,-0.04361938736533599f,0.0625f,-0.8616291604415258f,-0.02213851245675146f,-0.5070552989004591f,-0.34442183925198105f,0f,0f,0f,1f], start_interpolation: 0, interpolation_duration: 1 }
$data merge entity $(bone_flipper6) { transformation: [-0.07845909572784529f,0f,-0.996917333733128f,-0.4312476400252532f,0f,1f,0f,0.0625f,0.996917333733128f,0f,-0.07845909572784529f,-0.09663318773925272f,0f,0f,0f,1f], start_interpolation: 0, interpolation_duration: 1 }
$data merge entity $(bone_flipper7) { transformation: [0.996917333733128f,0f,-0.07845909572784494f,-0.03432585438093222f,0f,1f,0f,0.0625f,0.07845909572784494f,0f,0.996917333733128f,0.4361513335082435f,0f,0f,0f,1f], start_interpolation: 0, interpolation_duration: 1 }
$data merge entity $(bone_flipper8) { transformation: [0.07845909572784485f,0f,0.996917333733128f,0.373844000149923f,0f,1f,0f,0.0625f,-0.996917333733128f,0f,0.07845909572784485f,0.0294221608979419f,0f,0f,0f,1f], start_interpolation: 0, interpolation_duration: 1 }