# This file was generated by Animated Java via MC-Build. It is not recommended to edit this file directly.
$data merge entity $(bone_core) { transformation: [-0.7071067811865474f,0f,0.7071067811865477f,0f,0f,1f,0f,0f,-0.7071067811865477f,0f,-0.7071067811865474f,0f,0f,0f,0f,1f], start_interpolation: 0, interpolation_duration: 1 }
$data merge entity $(bone_flipper) { transformation: [-0.7071067811865474f,0f,0.7071067811865477f,0.3535533905932738f,0f,1f,0f,0.0625f,-0.7071067811865477f,0f,-0.7071067811865474f,-0.26516504294495524f,0f,0f,0f,1f], start_interpolation: 0, interpolation_duration: 1 }
$data merge entity $(bone_flipper2) { transformation: [-1f,1.0408340855860843e-17f,1.1102230246251565e-16f,1.1102230246251565e-16f,3.469446951953614e-18f,0.9990482215818578f,-0.043619387365336f,0.0625f,-2.220446049250313e-16f,-0.04361938736533601f,-0.9990482215818577f,-0.5303300858899106f,0f,0f,0f,1f], start_interpolation: 0, interpolation_duration: 1 }
$data merge entity $(bone_flipper3) { transformation: [0.17364817766692975f,-0.04295671085902564f,-0.983870434246872f,-0.5303300858899106f,1.734723475976807e-18f,0.9990482215818578f,-0.04361938736533599f,0.0625f,0.9848077530122081f,0.007574427126938493f,0.17348290307907654f,-1.1102230246251565e-16f,0f,0f,0f,1f], start_interpolation: 0, interpolation_duration: 1 }
$data merge entity $(bone_flipper4) { transformation: [0.9659258262890682f,0.011289528185853227f,0.2585727067211881f,-1.1102230246251565e-16f,3.469446951953614e-18f,0.9990482215818578f,-0.043619387365336f,0.0625f,-0.25881904510252096f,0.04213309278308512f,0.9650064789340801f,0.5303300858899106f,0f,0f,0f,1f], start_interpolation: 0, interpolation_duration: 1 }
$data merge entity $(bone_flipper5) { transformation: [0.17364817766693036f,0.04295671085902564f,0.983870434246872f,0.5303300858899106f,0f,0.9990482215818578f,-0.04361938736533599f,0.0625f,-0.9848077530122081f,0.007574427126938524f,0.17348290307907727f,1.1102230246251565e-16f,0f,0f,0f,1f], start_interpolation: 0, interpolation_duration: 1 }
$data merge entity $(bone_flipper6) { transformation: [-0.7071067811865478f,0f,-0.7071067811865472f,-0.26516504294495524f,0f,1f,0f,0.0625f,0.7071067811865472f,0f,-0.7071067811865478f,-0.3535533905932738f,0f,0f,0f,1f], start_interpolation: 0, interpolation_duration: 1 }
$data merge entity $(bone_flipper7) { transformation: [0.7071067811865475f,0f,-0.7071067811865476f,-0.3093592167691146f,0f,1f,0f,0.0625f,0.7071067811865476f,0f,0.7071067811865475f,0.3093592167691145f,0f,0f,0f,1f], start_interpolation: 0, interpolation_duration: 1 }
$data merge entity $(bone_flipper8) { transformation: [0.7071067811865476f,0f,0.7071067811865475f,0.26516504294495524f,0f,1f,0f,0.0625f,-0.7071067811865475f,0f,0.7071067811865476f,0.26516504294495535f,0f,0f,0f,1f], start_interpolation: 0, interpolation_duration: 1 }