# This file was generated by Animated Java via MC-Build. It is not recommended to edit this file directly.
$data merge entity $(bone_core) { transformation: [-0.6494480483301835f,0f,0.760405965600031f,0f,0f,1f,0f,0f,-0.760405965600031f,0f,-0.6494480483301835f,0f,0f,0f,0f,1f], start_interpolation: 0, interpolation_duration: 1 }
$data merge entity $(bone_flipper) { transformation: [-0.6494480483301835f,0f,0.760405965600031f,0.3732681129706501f,0f,1f,0f,0.0625f,-0.760405965600031f,0f,-0.6494480483301835f,-0.23660814829445334f,0f,0f,0f,1f], start_interpolation: 0, interpolation_duration: 1 }
$data merge entity $(bone_flipper2) { transformation: [-0.996917333733128f,0.003422337688886855f,0.07838442005382423f,0.0416092189761928f,3.469446951953614e-18f,0.9990482215818578f,-0.043619387365336f,0.0625f,-0.07845909572784499f,-0.04348492335132326f,-0.9959684893302089f,-0.5286952552238304f,0f,0f,0f,1f], start_interpolation: 0, interpolation_duration: 1 }
$data merge entity $(bone_flipper3) { transformation: [0.09584575252022343f,-0.043418572358560795f,-0.9944488017480722f,-0.5286952552238304f,1.734723475976807e-18f,0.9990482215818578f,-0.04361938736533599f,0.0625f,0.9953961983671789f,0.004180733006501753f,0.09575452860150407f,-0.0416092189761928f,0f,0f,0f,1f], start_interpolation: 0, interpolation_duration: 1 }
$data merge entity $(bone_flipper4) { transformation: [0.9832549075639545f,0.007949001978167551f,0.18206207765196547f,-0.0416092189761928f,3.469446951953614e-18f,0.9990482215818578f,-0.043619387365336f,0.0625f,-0.18223552549214772f,0.042888976691899776f,0.9823190667634027f,0.5286952552238304f,0f,0f,0f,1f], start_interpolation: 0, interpolation_duration: 1 }
$data merge entity $(bone_flipper5) { transformation: [0.25038000405444133f,0.0422300069524887f,0.9672261783484206f,0.5286952552238304f,0f,0.9990482215818578f,-0.04361938736533599f,0.0625f,-0.9681476403781077f,0.010921422385385075f,0.250141697770248f,0.0416092189761928f,0f,0f,0f,1f], start_interpolation: 0, interpolation_duration: 1 }
$data merge entity $(bone_flipper6) { transformation: [-0.7604059656000312f,0f,-0.6494480483301833f,-0.23660814829445334f,0f,1f,0f,0.0625f,0.6494480483301833f,0f,-0.7604059656000312f,-0.3732681129706501f,0f,0f,0f,1f], start_interpolation: 0, interpolation_duration: 1 }
$data merge entity $(bone_flipper7) { transformation: [0.6494480483301837f,0f,-0.7604059656000309f,-0.3326776099500136f,0f,1f,0f,0.0625f,0.7604059656000309f,0f,0.6494480483301837f,0.2841335211444553f,0f,0f,0f,1f], start_interpolation: 0, interpolation_duration: 1 }
$data merge entity $(bone_flipper8) { transformation: [0.7604059656000309f,0f,0.6494480483301838f,0.24354301812381884f,0f,1f,0f,0.0625f,-0.6494480483301838f,0f,0.7604059656000309f,0.28515223710001164f,0f,0f,0f,1f], start_interpolation: 0, interpolation_duration: 1 }