# This file was generated by Animated Java via MC-Build. It is not recommended to edit this file directly.
$data merge entity $(bone_core) { transformation: [-0.587785252292473f,0f,0.8090169943749475f,0f,0f,1f,0f,0f,-0.8090169943749475f,0f,-0.587785252292473f,0f,0f,0f,0f,1f], start_interpolation: 0, interpolation_duration: 1 }
$data merge entity $(bone_flipper) { transformation: [-0.587785252292473f,0f,0.8090169943749475f,0.3906815133073191f,0f,1f,0f,0.0625f,-0.8090169943749475f,0f,-0.587785252292473f,-0.2065924857295227f,0f,0f,0f,1f], start_interpolation: 0, interpolation_duration: 1 }
$data merge entity $(bone_flipper2) { transformation: [-0.9876883405951377f,0.006823575527878947f,0.1562855740925519f,0.0829619032809279f,3.469446951953614e-18f,0.9990482215818578f,-0.043619387365336f,0.0625f,-0.15643446504023084f,-0.04308236032464523f,-0.9867482801487086f,-0.5238008425002827f,0f,0f,0f,1f], start_interpolation: 0, interpolation_duration: 1 }
$data merge entity $(bone_flipper3) { transformation: [0.01745240643728302f,-0.043612743921365f,-0.998896061698712f,-0.5238008425002827f,1.734723475976807e-18f,0.9990482215818578f,-0.04361938736533599f,0.0625f,0.9998476951563912f,0.0007612632768451318f,0.01743579561349129f,-0.0829619032809279f,0f,0f,0f,1f], start_interpolation: 0, interpolation_duration: 1 }
$data merge entity $(bone_flipper4) { transformation: [0.9945218953682732f,0.004559467529975082f,0.10442897533223411f,-0.0829619032809279f,3.469446951953614e-18f,0.9990482215818578f,-0.043619387365336f,0.0625f,-0.10452846326765375f,0.043380435797376875f,0.9935753308918918f,0.5238008425002827f,0f,0f,0f,1f], start_interpolation: 0, interpolation_duration: 1 }
$data merge entity $(bone_flipper5) { transformation: [0.32556815445715653f,0.04124294101018733f,0.9446186514251088f,0.5238008425002827f,0f,0.9990482215818578f,-0.04361938736533599f,0.0625f,-0.9455185755993168f,0.014201083443084257f,0.3252582857141098f,0.0829619032809279f,0f,0f,0f,1f], start_interpolation: 0, interpolation_duration: 1 }
$data merge entity $(bone_flipper6) { transformation: [-0.8090169943749476f,0f,-0.5877852522924728f,-0.2065924857295227f,0f,1f,0f,0.0625f,0.5877852522924728f,0f,-0.8090169943749476f,-0.3906815133073191f,0f,0f,0f,1f], start_interpolation: 0, interpolation_duration: 1 }
$data merge entity $(bone_flipper7) { transformation: [0.5877852522924731f,0f,-0.8090169943749473f,-0.3539449350390395f,0f,1f,0f,0.0625f,0.8090169943749473f,0f,0.5877852522924731f,0.25715604787795693f,0f,0f,0f,1f], start_interpolation: 0, interpolation_duration: 1 }
$data merge entity $(bone_flipper8) { transformation: [0.8090169943749473f,0f,0.5877852522924732f,0.2204194696096774f,0f,1f,0f,0.0625f,-0.5877852522924732f,0f,0.8090169943749473f,0.3033813728906053f,0f,0f,0f,1f], start_interpolation: 0, interpolation_duration: 1 }