# This file was generated by Animated Java via MC-Build. It is not recommended to edit this file directly.
$data merge entity $(bone_core) { transformation: [-0.3826834323650897f,0f,0.9238795325112866f,0f,0f,1f,0f,0f,-0.9238795325112866f,0f,-0.3826834323650897f,0f,0f,0f,0f,1f], start_interpolation: 0, interpolation_duration: 1 }
$data merge entity $(bone_flipper) { transformation: [-0.3826834323650897f,0f,0.9238795325112866f,0.428115009996506f,0f,1f,0f,0.0625f,-0.9238795325112866f,0f,-0.3826834323650897f,-0.10968153087777135f,0f,0f,0f,1f], start_interpolation: 0, interpolation_duration: 1 }
$data merge entity $(bone_flipper2) { transformation: [-0.9238795325112866f,0.016692416874629207f,0.38231920253318386f,0.20294853755482384f,3.469446951953614e-18f,0.9990482215818578f,-0.043619387365336f,0.0625f,-0.38268343236508956f,-0.04029905920751535f,-0.9230002039112791f,-0.48996111182864116f,0f,0f,0f,1f], start_interpolation: 0, interpolation_duration: 1 }
$data merge entity $(bone_flipper3) { transformation: [-0.21643961393810324f,-0.04258543371779519f,-0.9753667896506379f,-0.48996111182864116f,1.734723475976807e-18f,0.9990482215818578f,-0.04361938736533599f,0.0625f,0.9762960071199331f,-0.009440963361569903f,-0.21623361138472597f,-0.20294853755482384f,0f,0f,0f,1f], start_interpolation: 0, interpolation_duration: 1 }
$data merge entity $(bone_flipper4) { transformation: [0.9914448613738103f,-0.005693472539768724f,-0.13040196020729383f,-0.20294853755482384f,3.469446951953614e-18f,0.9990482215818578f,-0.043619387365336f,0.0625f,0.13052619222005113f,0.04324621745963609f,0.9905012255519767f,0.48996111182864116f,0f,0f,0f,1f], start_interpolation: 0, interpolation_duration: 1 }
$data merge entity $(bone_flipper5) { transformation: [0.5372996083468236f,0.036788218175523045f,0.8425887240367153f,0.48996111182864116f,0f,0.9990482215818578f,-0.04361938736533599f,0.0625f,-0.8433914458128857f,0.02343667974772342f,0.5367882181755228f,0.20294853755482384f,0f,0f,0f,1f], start_interpolation: 0, interpolation_duration: 1 }
$data merge entity $(bone_flipper6) { transformation: [-0.9238795325112867f,0f,-0.3826834323650895f,-0.10968153087777135f,0f,1f,0f,0.0625f,0.3826834323650895f,0f,-0.9238795325112867f,-0.428115009996506f,0f,0f,0f,1f], start_interpolation: 0, interpolation_duration: 1 }
$data merge entity $(bone_flipper7) { transformation: [0.38268343236508984f,0f,-0.9238795325112866f,-0.4041972954736879f,0f,1f,0f,0.0625f,0.9238795325112866f,0f,0.38268343236508984f,0.16742400165972676f,0f,0f,0f,1f], start_interpolation: 0, interpolation_duration: 1 }
$data merge entity $(bone_flipper8) { transformation: [0.9238795325112865f,0f,0.38268343236508995f,0.14350628713690866f,0f,1f,0f,0.0625f,-0.38268343236508995f,0f,0.9238795325112865f,0.3464548246917325f,0f,0f,0f,1f], start_interpolation: 0, interpolation_duration: 1 }