# This file was generated by Animated Java via MC-Build. It is not recommended to edit this file directly.
$data merge entity $(bone_core) { transformation: [-0.30901699437494734f,0f,0.9510565162951536f,0f,0f,1f,0f,0f,-0.9510565162951536f,0f,-0.30901699437494734f,0f,0f,0f,0f,1f], start_interpolation: 0, interpolation_duration: 1 }
$data merge entity $(bone_flipper) { transformation: [-0.30901699437494734f,0f,0.9510565162951536f,0.43540078802756393f,0f,1f,0f,0.0625f,-0.9510565162951536f,0f,-0.30901699437494734f,-0.07575390277059235f,0f,0f,0f,1f], start_interpolation: 0, interpolation_duration: 1 }
$data merge entity $(bone_flipper2) { transformation: [-0.8910065241883678f,0.01980278746832177f,0.4535584013798531f,0.24076482072007738f,3.469446951953614e-18f,0.9990482215818578f,-0.043619387365336f,0.0625f,-0.45399049973954675f,-0.03886515872361404f,-0.8901584834082216f,-0.47252756650128785f,0f,0f,0f,1f], start_interpolation: 0, interpolation_duration: 1 }
$data merge entity $(bone_flipper3) { transformation: [-0.29237170472273727f,-0.04171342758966474f,-0.9553945657351429f,-0.47252756650128785f,1.734723475976807e-18f,0.9990482215818578f,-0.04361938736533599f,0.0625f,0.9563047559630353f,-0.012753074642964709f,-0.2920934316441066f,-0.24076482072007738f,0f,0f,0f,1f], start_interpolation: 0, interpolation_duration: 1 }
$data merge entity $(bone_flipper4) { transformation: [0.9781476007338057f,-0.009068980579561809f,-0.2077138049575592f,-0.24076482072007738f,3.469446951953614e-18f,0.9990482215818578f,-0.043619387365336f,0.0625f,0.20791169081775895f,0.04266619909688189f,0.9772166209576697f,0.47252756650128785f,0f,0f,0f,1f], start_interpolation: 0, interpolation_duration: 1 }
$data merge entity $(bone_flipper5) { transformation: [0.6018150231520482f,0.03483599167646556f,0.797875386004868f,0.47252756650128785f,0f,0.9990482215818578f,-0.04361938736533599f,0.0625f,-0.798635510047293f,0.026250802617147843f,0.6012422286012984f,0.24076482072007738f,0f,0f,0f,1f], start_interpolation: 0, interpolation_duration: 1 }
$data merge entity $(bone_flipper6) { transformation: [-0.9510565162951538f,0f,-0.3090169943749471f,-0.07575390277059235f,0f,1f,0f,0.0625f,0.3090169943749471f,0f,-0.9510565162951538f,-0.43540078802756393f,0f,0f,0f,1f], start_interpolation: 0, interpolation_duration: 1 }
$data merge entity $(bone_flipper7) { transformation: [0.30901699437494745f,0f,-0.9510565162951536f,-0.4160872258791297f,0f,1f,0f,0.0625f,0.9510565162951536f,0f,0.30901699437494745f,0.13519493503903945f,0f,0f,0f,1f], start_interpolation: 0, interpolation_duration: 1 }
$data merge entity $(bone_flipper8) { transformation: [0.9510565162951535f,0f,0.30901699437494756f,0.11588137289060525f,0f,1f,0f,0.0625f,-0.30901699437494756f,0f,0.9510565162951535f,0.3566461936106826f,0f,0f,0f,1f], start_interpolation: 0, interpolation_duration: 1 }