# This file was generated by Animated Java via MC-Build. It is not recommended to edit this file directly.
$data merge entity $(bone_core) { transformation: [-0.2334453638559053f,0f,0.9723699203976766f,0f,0f,1f,0f,0f,-0.9723699203976766f,0f,-0.2334453638559053f,0f,0f,0f,0f,1f], start_interpolation: 0, interpolation_duration: 1 }
$data merge entity $(bone_flipper) { transformation: [-0.2334453638559053f,0f,0.9723699203976766f,0.44000217541497755f,0f,1f,0f,0.0625f,-0.9723699203976766f,0f,-0.2334453638559053f,-0.04135922666210379f,0f,0f,0f,1f], start_interpolation: 0, interpolation_duration: 1 }
$data merge entity $(bone_flipper2) { transformation: [-0.8526401643540922f,0.02279106729217706f,0.5220012618585419f,0.27709670870316416f,3.469446951953614e-18f,0.9990482215818578f,-0.043619387365336f,0.0625f,-0.5224985647159489f,-0.037191641612204895f,-0.8518286398472188f,-0.4521807315950932f,0f,0f,0f,1f], start_interpolation: 0, interpolation_duration: 1 }
$data merge entity $(bone_flipper3) { transformation: [-0.36650122672429764f,-0.04058424430932175f,-0.9295320166209585f,-0.4521807315950932f,1.734723475976807e-18f,0.9990482215818578f,-0.04361938736533599f,0.0625f,0.9304175679820241f,-0.015986558978357976f,-0.36615239876647887f,-0.27709670870316416f,0f,0f,0f,1f], start_interpolation: 0, interpolation_duration: 1 }
$data merge entity $(bone_flipper4) { transformation: [0.958819734868193f,-0.012388575338339822f,-0.28374502502841187f,-0.27709670870316416f,3.469446951953614e-18f,0.9990482215818578f,-0.043619387365336f,0.0625f,0.2840153447039222f,0.04182312942874448f,0.9579071509376567f,0.4521807315950932f,0f,0f,0f,1f], start_interpolation: 0, interpolation_duration: 1 }
$data merge entity $(bone_flipper5) { transformation: [0.6626200482157374f,0.03266898970457992f,0.748242880897811f,0.4521807315950932f,0f,0.9990482215818578f,-0.04361938736533599f,0.0625f,-0.7489557207890023f,0.028903080559159862f,0.6619893807544173f,0.27709670870316416f,0f,0f,0f,1f], start_interpolation: 0, interpolation_duration: 1 }
$data merge entity $(bone_flipper6) { transformation: [-0.9723699203976766f,0f,-0.23344536385590509f,-0.04135922666210379f,0f,1f,0f,0.0625f,0.23344536385590509f,0f,-0.9723699203976766f,-0.44000217541497755f,0f,0f,0f,1f], start_interpolation: 0, interpolation_duration: 1 }
$data merge entity $(bone_flipper7) { transformation: [0.23344536385590542f,0f,-0.9723699203976766f,-0.4254118401739835f,0f,1f,0f,0.0625f,0.9723699203976766f,0f,0.23344536385590542f,0.10213234668695857f,0f,0f,0f,1f], start_interpolation: 0, interpolation_duration: 1 }
$data merge entity $(bone_flipper8) { transformation: [0.9723699203976766f,0f,0.23344536385590553f,0.08754201144596449f,0f,1f,0f,0.0625f,-0.23344536385590553f,0f,0.9723699203976766f,0.3646387201491287f,0f,0f,0f,1f], start_interpolation: 0, interpolation_duration: 1 }