# This file was generated by Animated Java via MC-Build. It is not recommended to edit this file directly.
$data merge entity $(bone_core) { transformation: [-0.15643446504023073f,0f,0.9876883405951378f,0f,0f,1f,0f,0f,-0.9876883405951378f,0f,-0.15643446504023073f,0f,0f,0f,0f,1f], start_interpolation: 0, interpolation_duration: 1 }
$data merge entity $(bone_flipper) { transformation: [-0.15643446504023073f,0f,0.9876883405951378f,0.4418908030753872f,0f,1f,0f,0.0625f,-0.9876883405951378f,0f,-0.15643446504023073f,-0.006709557167904834f,0f,0f,0f,1f], start_interpolation: 0, interpolation_duration: 1 }
$data merge entity $(bone_flipper2) { transformation: [-0.8090169943749475f,0.025638832607377142f,0.5872258109748388f,0.31172020333309014f,3.469446951953614e-18f,0.9990482215818578f,-0.043619387365336f,0.0625f,-0.5877852522924732f,-0.03528882566278069f,-0.808246989459791f,-0.4290460521132632f,0f,0f,0f,1f], start_interpolation: 0, interpolation_duration: 1 }
$data merge entity $(bone_flipper3) { transformation: [-0.4383711467890779f,-0.03920484566718108f,-0.8979385935235443f,-0.4290460521132632f,1.734723475976807e-18f,0.9990482215818578f,-0.04361938736533599f,0.0625f,0.8987940462991667f,-0.019121480861579353f,-0.43795391459242783f,-0.31172020333309014f,0f,0f,0f,1f], start_interpolation: 0, interpolation_duration: 1 }
$data merge entity $(bone_flipper4) { transformation: [0.9335804264972017f,-0.015631790410537635f,-0.3580268626651689f,-0.31172020333309014f,3.469446951953614e-18f,0.9990482215818578f,-0.043619387365336f,0.0625f,0.35836794954529994f,0.04072220626007704f,0.9326918647956618f,0.4290460521132632f,0f,0f,0f,1f], start_interpolation: 0, interpolation_duration: 1 }
$data merge entity $(bone_flipper5) { transformation: [0.7193398003386511f,0.03030057254762408f,0.6939972096140127f,0.4290460521132632f,0f,0.9990482215818578f,-0.04361938736533599f,0.0625f,-0.6946583704589974f,0.03137716139827507f,0.718655148241378f,0.31172020333309014f,0f,0f,0f,1f], start_interpolation: 0, interpolation_duration: 1 }
$data merge entity $(bone_flipper6) { transformation: [-0.9876883405951378f,0f,-0.1564344650402305f,-0.006709557167904834f,0f,1f,0f,0.0625f,0.1564344650402305f,0f,-0.9876883405951378f,-0.4418908030753872f,0f,0f,0f,1f], start_interpolation: 0, interpolation_duration: 1 }
$data merge entity $(bone_flipper7) { transformation: [0.15643446504023084f,0f,-0.9876883405951378f,-0.43211364901037275f,0f,1f,0f,0.0625f,0.9876883405951378f,0f,0.15643446504023084f,0.06844007845510094f,0f,0f,0f,1f], start_interpolation: 0, interpolation_duration: 1 }
$data merge entity $(bone_flipper8) { transformation: [0.9876883405951378f,0f,0.15643446504023095f,0.058662924390086524f,0f,1f,0f,0.0625f,-0.15643446504023095f,0f,0.9876883405951378f,0.37038312772317666f,0f,0f,0f,1f], start_interpolation: 0, interpolation_duration: 1 }