# This file was generated by Animated Java via MC-Build. It is not recommended to edit this file directly.
$data merge entity $(bone_core) { transformation: [-0.07845909572784503f,0f,0.9969173337331279f,0f,0f,1f,0f,0f,-0.9969173337331279f,0f,-0.07845909572784503f,0f,0f,0f,0f,1f], start_interpolation: 0, interpolation_duration: 1 }
$data merge entity $(bone_flipper) { transformation: [-0.07845909572784503f,0f,0.9969173337331279f,0.4410550269912337f,0f,1f,0f,0.0625f,-0.9969173337331279f,0f,-0.07845909572784503f,0.027981478977388292f,0f,0f,0f,1f], start_interpolation: 0, interpolation_duration: 1 }
$data merge entity $(bone_flipper2) { transformation: [-0.7604059656000309f,0.028328525993775732f,0.6488299176940782f,0.34442183925198105f,3.469446951953614e-18f,0.9990482215818578f,-0.043619387365336f,0.0625f,-0.6494480483301834f,-0.03316844236842011f,-0.7596822276129462f,-0.4032661610478648f,0f,0f,0f,1f], start_interpolation: 0, interpolation_duration: 1 }
$data merge entity $(bone_flipper3) { transformation: [-0.5075383629607044f,-0.03758373611456813f,-0.8608090804021752f,-0.4032661610478648f,1.734723475976807e-18f,0.9990482215818578f,-0.04361938736533599f,0.0625f,0.8616291604415254f,-0.022138512456751462f,-0.5070552989004591f,-0.34442183925198105f,0f,0f,0f,1f], start_interpolation: 0, interpolation_duration: 1 }
$data merge entity $(bone_flipper4) { transformation: [0.9025852843498607f,-0.018778630296756676f,-0.43010134563758173f,-0.34442183925198105f,3.469446951953614e-18f,0.9990482215818578f,-0.043619387365336f,0.0625f,0.4305110968082946f,0.03937021714830852f,0.9017262231556837f,0.4032661610478648f,0f,0f,0f,1f], start_interpolation: 0, interpolation_duration: 1 }
$data merge entity $(bone_flipper5) { transformation: [0.7716245833877198f,0.027745342284949313f,0.6354728147554535f,0.4032661610478648f,0f,0.9990482215818578f,-0.04361938736533599f,0.0625f,-0.6360782202777642f,0.03365779160340495f,0.7708901677623433f,0.34442183925198105f,0f,0f,0f,1f], start_interpolation: 0, interpolation_duration: 1 }
$data merge entity $(bone_flipper6) { transformation: [-0.9969173337331279f,0f,-0.0784590957278448f,0.027981478977388292f,0f,1f,0f,0.0625f,0.0784590957278448f,0f,-0.9969173337331279f,-0.4410550269912337f,0f,0f,0f,1f], start_interpolation: 0, interpolation_duration: 1 }
$data merge entity $(bone_flipper7) { transformation: [0.07845909572784515f,0f,-0.9969173337331279f,-0.4361513335082434f,0f,1f,0f,0.0625f,0.9969173337331279f,0f,0.07845909572784515f,0.0343258543809322f,0f,0f,0f,1f], start_interpolation: 0, interpolation_duration: 1 }
$data merge entity $(bone_flipper8) { transformation: [0.9969173337331279f,0f,0.07845909572784525f,0.029422160897941883f,0f,1f,0f,0.0625f,-0.07845909572784525f,0f,0.9969173337331279f,0.3738440001499229f,0f,0f,0f,1f], start_interpolation: 0, interpolation_duration: 1 }