# This file was generated by Animated Java via MC-Build. It is not recommended to edit this file directly.
$data merge entity $(bone_core) { transformation: [-0.9876883405951378f,0f,0.15643446504023098f,0f,0f,1f,0f,0f,-0.15643446504023098f,0f,-0.9876883405951378f,0f,0f,0f,0f,1f], start_interpolation: 0, interpolation_duration: 1 }
$data merge entity $(bone_flipper) { transformation: [-0.9876883405951378f,0f,0.15643446504023098f,0.13017059974229717f,0f,1f,0f,0.0625f,-0.15643446504023098f,0f,-0.9876883405951378f,-0.4223364949453583f,0f,0f,0f,1f], start_interpolation: 0, interpolation_duration: 1 }
$data merge entity $(bone_flipper2) { transformation: [-0.8090169943749476f,-0.025638832607377135f,-0.587225810974839f,-0.31172020333309003f,3.469446951953614e-18f,0.9990482215818578f,-0.043619387365336f,0.0625f,0.5877852522924731f,-0.035288825662780694f,-0.808246989459791f,-0.4290460521132633f,0f,0f,0f,1f], start_interpolation: 0, interpolation_duration: 1 }
$data merge entity $(bone_flipper3) { transformation: [0.7193398003386509f,-0.03030057254762409f,-0.693997209614013f,-0.4290460521132633f,1.734723475976807e-18f,0.9990482215818578f,-0.04361938736533599f,0.0625f,0.6946583704589977f,0.03137716139827505f,0.7186551482413777f,0.31172020333309003f,0f,0f,0f,1f], start_interpolation: 0, interpolation_duration: 1 }
$data merge entity $(bone_flipper4) { transformation: [0.6293203910498372f,0.0338986307321981f,0.77640629070311f,0.31172020333309003f,3.469446951953614e-18f,0.9990482215818578f,-0.043619387365336f,0.0625f,-0.7771459614569711f,0.02745056991410759f,0.6287214174835392f,0.4290460521132633f,0f,0f,0f,1f], start_interpolation: 0, interpolation_duration: 1 }
$data merge entity $(bone_flipper5) { transformation: [-0.4383711467890775f,0.039204845667181104f,0.8979385935235447f,0.4290460521132633f,0f,0.9990482215818578f,-0.04361938736533599f,0.0625f,-0.8987940462991669f,-0.01912148086157934f,-0.4379539145924275f,-0.31172020333309003f,0f,0f,0f,1f], start_interpolation: 0, interpolation_duration: 1 }
$data merge entity $(bone_flipper6) { transformation: [-0.1564344650402312f,0f,-0.9876883405951378f,-0.4223364949453583f,0f,1f,0f,0.0625f,0.9876883405951378f,0f,-0.1564344650402312f,-0.13017059974229717f,0f,0f,0f,1f], start_interpolation: 0, interpolation_duration: 1 }
$data merge entity $(bone_flipper7) { transformation: [0.9876883405951378f,0f,-0.15643446504023087f,-0.06844007845510106f,0f,1f,0f,0.0625f,0.15643446504023087f,0f,0.9876883405951378f,0.43211364901037275f,0f,0f,0f,1f], start_interpolation: 0, interpolation_duration: 1 }
$data merge entity $(bone_flipper8) { transformation: [0.15643446504023076f,0f,0.9876883405951378f,0.37038312772317666f,0f,1f,0f,0.0625f,-0.9876883405951378f,0f,0.15643446504023076f,0.05866292439008662f,0f,0f,0f,1f], start_interpolation: 0, interpolation_duration: 1 }