# This file was generated by Animated Java via MC-Build. It is not recommended to edit this file directly.
$data merge entity $(bone_core) { transformation: [0.07845909572784517f,0f,0.9969173337331281f,0f,0f,1f,0f,0f,-0.9969173337331281f,0f,0.07845909572784517f,0f,0f,0f,0f,1f], start_interpolation: 0, interpolation_duration: 1 }
$data merge entity $(bone_flipper) { transformation: [0.07845909572784517f,0f,0.9969173337331281f,0.43124764002525323f,0f,1f,0f,0.0625f,-0.9969173337331281f,0f,0.07845909572784517f,0.09663318773925277f,0f,0f,0f,1f], start_interpolation: 0, interpolation_duration: 1 }
$data merge entity $(bone_flipper2) { transformation: [-0.6494480483301837f,0.03316844236842012f,0.7596822276129463f,0.40326616104786495f,3.469446951953614e-18f,0.9990482215818578f,-0.043619387365336f,0.0625f,-0.7604059656000312f,-0.028328525993775736f,-0.6488299176940785f,-0.3444218392519811f,0f,0f,0f,1f], start_interpolation: 0, interpolation_duration: 1 }
$data merge entity $(bone_flipper3) { transformation: [-0.6360782202777644f,-0.033657791603404943f,-0.7708901677623431f,-0.3444218392519811f,1.734723475976807e-18f,0.9990482215818578f,-0.04361938736533599f,0.0625f,0.7716245833877196f,-0.027745342284949324f,-0.6354728147554538f,-0.40326616104786495f,0f,0f,0f,1f], start_interpolation: 0, interpolation_duration: 1 }
$data merge entity $(bone_flipper4) { transformation: [0.8241261886220159f,-0.02470629305456656f,-0.5658671436926265f,-0.40326616104786495f,3.469446951953614e-18f,0.9990482215818578f,-0.043619387365336f,0.0625f,0.5664062369248326f,0.03594787945942167f,0.8233418031018596f,0.3444218392519811f,0f,0f,0f,1f], start_interpolation: 0, interpolation_duration: 1 }
$data merge entity $(bone_flipper5) { transformation: [0.8616291604415258f,0.022138512456751455f,0.507055298900459f,0.3444218392519811f,0f,0.9990482215818578f,-0.04361938736533599f,0.0625f,-0.5075383629607042f,0.03758373611456815f,0.8608090804021756f,0.40326616104786495f,0f,0f,0f,1f], start_interpolation: 0, interpolation_duration: 1 }
$data merge entity $(bone_flipper6) { transformation: [-0.9969173337331281f,0f,0.07845909572784539f,0.09663318773925277f,0f,1f,0f,0.0625f,-0.07845909572784539f,0f,-0.9969173337331281f,-0.43124764002525323f,0f,0f,0f,1f], start_interpolation: 0, interpolation_duration: 1 }
$data merge entity $(bone_flipper7) { transformation: [-0.07845909572784504f,0f,-0.9969173337331281f,-0.43615133350824353f,0f,1f,0f,0.0625f,0.9969173337331281f,0f,-0.07845909572784504f,-0.03432585438093226f,0f,0f,0f,1f], start_interpolation: 0, interpolation_duration: 1 }
$data merge entity $(bone_flipper8) { transformation: [0.9969173337331281f,0f,-0.07845909572784494f,-0.02942216089794194f,0f,1f,0f,0.0625f,0.07845909572784494f,0f,0.9969173337331281f,0.37384400014992303f,0f,0f,0f,1f], start_interpolation: 0, interpolation_duration: 1 }