# This file was generated by Animated Java via MC-Build. It is not recommended to edit this file directly.
$data merge entity $(bone_core) { transformation: [0.15643446504023129f,0f,0.9876883405951377f,0f,0f,1f,0f,0f,-0.9876883405951377f,0f,0.15643446504023129f,0f,0f,0f,0f,1f], start_interpolation: 0, interpolation_duration: 1 }
$data merge entity $(bone_flipper) { transformation: [0.15643446504023129f,0f,0.9876883405951377f,0.4223364949453583f,0f,1f,0f,0.0625f,-0.9876883405951377f,0f,0.15643446504023129f,0.1301705997422973f,0f,0f,0f,1f], start_interpolation: 0, interpolation_duration: 1 }
$data merge entity $(bone_flipper2) { transformation: [-0.5877852522924729f,0.0352888256627807f,0.8082469894597912f,0.42904605211326335f,3.469446951953614e-18f,0.9990482215818578f,-0.043619387365336f,0.0625f,-0.8090169943749477f,-0.02563883260737712f,-0.5872258109748387f,-0.31172020333308986f,0f,0f,0f,1f], start_interpolation: 0, interpolation_duration: 1 }
$data merge entity $(bone_flipper3) { transformation: [-0.6946583704589978f,-0.031377161398275046f,-0.7186551482413774f,-0.31172020333308986f,1.734723475976807e-18f,0.9990482215818578f,-0.04361938736533599f,0.0625f,0.7193398003386505f,-0.030300572547624104f,-0.6939972096140131f,-0.42904605211326335f,0f,0f,0f,1f], start_interpolation: 0, interpolation_duration: 1 }
$data merge entity $(bone_flipper4) { transformation: [0.7771459614569708f,-0.027450569914107596f,-0.6287214174835394f,-0.42904605211326335f,3.469446951953614e-18f,0.9990482215818578f,-0.043619387365336f,0.0625f,0.6293203910498374f,0.03389863073219809f,0.7764062907031097f,0.31172020333308986f,0f,0f,0f,1f], start_interpolation: 0, interpolation_duration: 1 }
$data merge entity $(bone_flipper5) { transformation: [0.8987940462991671f,0.01912148086157933f,0.43795391459242716f,0.31172020333308986f,0f,0.9990482215818578f,-0.04361938736533599f,0.0625f,-0.4383711467890772f,0.03920484566718111f,0.8979385935235449f,0.42904605211326335f,0f,0f,0f,1f], start_interpolation: 0, interpolation_duration: 1 }
$data merge entity $(bone_flipper6) { transformation: [-0.9876883405951377f,0f,0.1564344650402315f,0.1301705997422973f,0f,1f,0f,0.0625f,-0.1564344650402315f,0f,-0.9876883405951377f,-0.4223364949453583f,0f,0f,0f,1f], start_interpolation: 0, interpolation_duration: 1 }
$data merge entity $(bone_flipper7) { transformation: [-0.15643446504023117f,0f,-0.9876883405951377f,-0.43211364901037275f,0f,1f,0f,0.0625f,0.9876883405951377f,0f,-0.15643446504023117f,-0.0684400784551012f,0f,0f,0f,1f], start_interpolation: 0, interpolation_duration: 1 }
$data merge entity $(bone_flipper8) { transformation: [0.9876883405951377f,0f,-0.15643446504023106f,-0.05866292439008673f,0f,1f,0f,0.0625f,0.15643446504023106f,0f,0.9876883405951377f,0.3703831277231766f,0f,0f,0f,1f], start_interpolation: 0, interpolation_duration: 1 }