# This file was generated by Animated Java via MC-Build. It is not recommended to edit this file directly.
$data merge entity $(bone_core) { transformation: [0.2334453638559052f,0f,0.9723699203976767f,0f,0f,1f,0f,0f,-0.9723699203976767f,0f,0.2334453638559052f,0f,0f,0f,0f,1f], start_interpolation: 0, interpolation_duration: 1 }
$data merge entity $(bone_flipper) { transformation: [0.2334453638559052f,0f,0.9723699203976767f,0.41082150493298947f,0f,1f,0f,0.0625f,-0.9723699203976767f,0f,0.2334453638559052f,0.16290546671181333f,0f,0f,0f,1f], start_interpolation: 0, interpolation_duration: 1 }
$data merge entity $(bone_flipper2) { transformation: [-0.522498564715949f,0.037191641612204895f,0.8518286398472186f,0.4521807315950932f,3.469446951953614e-18f,0.9990482215818578f,-0.043619387365336f,0.0625f,-0.8526401643540921f,-0.022791067292177065f,-0.5220012618585423f,-0.2770967087031643f,0f,0f,0f,1f], start_interpolation: 0, interpolation_duration: 1 }
$data merge entity $(bone_flipper3) { transformation: [-0.7489557207890022f,-0.02890308055915986f,-0.6619893807544172f,-0.2770967087031643f,1.734723475976807e-18f,0.9990482215818578f,-0.04361938736533599f,0.0625f,0.6626200482157373f,-0.03266898970457992f,-0.7482428808978111f,-0.4521807315950932f,0f,0f,0f,1f], start_interpolation: 0, interpolation_duration: 1 }
$data merge entity $(bone_flipper4) { transformation: [0.7253743710122881f,-0.030025604881887345f,-0.6876994146645787f,-0.4521807315950932f,3.469446951953614e-18f,0.9990482215818578f,-0.043619387365336f,0.0625f,0.6883545756937535f,0.03164038567407195f,0.7246839753408851f,0.2770967087031643f,0f,0f,0f,1f], start_interpolation: 0, interpolation_duration: 1 }
$data merge entity $(bone_flipper5) { transformation: [0.9304175679820245f,0.015986558978357972f,0.36615239876647887f,0.2770967087031643f,0f,0.9990482215818578f,-0.04361938736533599f,0.0625f,-0.3665012267242977f,0.04058424430932176f,0.9295320166209587f,0.4521807315950932f,0f,0f,0f,1f], start_interpolation: 0, interpolation_duration: 1 }
$data merge entity $(bone_flipper6) { transformation: [-0.9723699203976767f,0f,0.23344536385590542f,0.16290546671181333f,0f,1f,0f,0.0625f,-0.23344536385590542f,0f,-0.9723699203976767f,-0.41082150493298947f,0f,0f,0f,1f], start_interpolation: 0, interpolation_duration: 1 }
$data merge entity $(bone_flipper7) { transformation: [-0.23344536385590509f,0f,-0.9723699203976767f,-0.42541184017398354f,0f,1f,0f,0.0625f,0.9723699203976767f,0f,-0.23344536385590509f,-0.10213234668695853f,0f,0f,0f,1f], start_interpolation: 0, interpolation_duration: 1 }
$data merge entity $(bone_flipper8) { transformation: [0.9723699203976767f,0f,-0.23344536385590497f,-0.08754201144596445f,0f,1f,0f,0.0625f,0.23344536385590497f,0f,0.9723699203976767f,0.36463872014912874f,0f,0f,0f,1f], start_interpolation: 0, interpolation_duration: 1 }