# This file was generated by Animated Java via MC-Build. It is not recommended to edit this file directly.
$data merge entity $(bone_core) { transformation: [0.30901699437494756f,0f,0.9510565162951536f,0f,0f,1f,0f,0f,-0.9510565162951536f,0f,0.30901699437494756f,0f,0f,0f,0f,1f], start_interpolation: 0, interpolation_duration: 1 }
$data merge entity $(bone_flipper) { transformation: [0.30901699437494756f,0f,0.9510565162951536f,0.3967736637306955f,0f,1f,0f,0.0625f,-0.9510565162951536f,0f,0.30901699437494756f,0.19463596730748667f,0f,0f,0f,1f], start_interpolation: 0, interpolation_duration: 1 }
$data merge entity $(bone_flipper2) { transformation: [-0.45399049973954675f,0.03886515872361404f,0.8901584834082216f,0.47252756650128797f,3.469446951953614e-18f,0.9990482215818578f,-0.043619387365336f,0.0625f,-0.8910065241883679f,-0.019802787468321762f,-0.45355840137985326f,-0.24076482072007727f,0f,0f,0f,1f], start_interpolation: 0, interpolation_duration: 1 }
$data merge entity $(bone_flipper3) { transformation: [-0.7986355100472933f,-0.026250802617147823f,-0.601242228601298f,-0.24076482072007727f,1.734723475976807e-18f,0.9990482215818578f,-0.04361938736533599f,0.0625f,0.6018150231520479f,-0.03483599167646557f,-0.7978753860048682f,-0.47252756650128797f,0f,0f,0f,1f], start_interpolation: 0, interpolation_duration: 1 }
$data merge entity $(bone_flipper4) { transformation: [0.6691306063588586f,-0.032415522011043474f,-0.7424375162709507f,-0.47252756650128797f,3.469446951953614e-18f,0.9990482215818578f,-0.043619387365336f,0.0625f,0.743144825477394f,0.02918706711676921f,0.6684937422888078f,0.24076482072007727f,0f,0f,0f,1f], start_interpolation: 0, interpolation_duration: 1 }
$data merge entity $(bone_flipper5) { transformation: [0.9563047559630355f,0.012753074642964693f,0.2920934316441063f,0.24076482072007727f,0f,0.9990482215818578f,-0.04361938736533599f,0.0625f,-0.2923717047227369f,0.04171342758966476f,0.9553945657351433f,0.47252756650128797f,0f,0f,0f,1f], start_interpolation: 0, interpolation_duration: 1 }
$data merge entity $(bone_flipper6) { transformation: [-0.9510565162951535f,0f,0.3090169943749478f,0.19463596730748667f,0f,1f,0f,0.0625f,-0.3090169943749478f,0f,-0.9510565162951535f,-0.3967736637306955f,0f,0f,0f,1f], start_interpolation: 0, interpolation_duration: 1 }
$data merge entity $(bone_flipper7) { transformation: [-0.30901699437494745f,0f,-0.9510565162951536f,-0.4160872258791297f,0f,1f,0f,0.0625f,0.9510565162951536f,0f,-0.30901699437494745f,-0.13519493503903957f,0f,0f,0f,1f], start_interpolation: 0, interpolation_duration: 1 }
$data merge entity $(bone_flipper8) { transformation: [0.9510565162951538f,0f,-0.30901699437494734f,-0.11588137289060534f,0f,1f,0f,0.0625f,0.30901699437494734f,0f,0.9510565162951538f,0.3566461936106826f,0f,0f,0f,1f], start_interpolation: 0, interpolation_duration: 1 }