# This file was generated by Animated Java via MC-Build. It is not recommended to edit this file directly.
$data merge entity $(bone_core) { transformation: [0.38268343236508995f,0f,0.9238795325112868f,0f,0f,1f,0f,0f,-0.9238795325112868f,0f,0.38268343236508995f,0f,0f,0f,0f,1f], start_interpolation: 0, interpolation_duration: 1 }
$data merge entity $(bone_flipper) { transformation: [0.38268343236508995f,0f,0.9238795325112868f,0.3802795809508699f,0f,1f,0f,0.0625f,-0.9238795325112868f,0f,0.38268343236508995f,0.22516647244168228f,0f,0f,0f,1f], start_interpolation: 0, interpolation_duration: 1 }
$data merge entity $(bone_flipper2) { transformation: [-0.3826834323650898f,0.040299059207515364f,0.9230002039112795f,0.48996111182864127f,3.469446951953614e-18f,0.9990482215818578f,-0.043619387365336f,0.0625f,-0.923879532511287f,-0.016692416874629207f,-0.38231920253318413f,-0.20294853755482384f,0f,0f,0f,1f], start_interpolation: 0, interpolation_duration: 1 }
$data merge entity $(bone_flipper3) { transformation: [-0.843391445812886f,-0.023436679747723406f,-0.5367882181755226f,-0.20294853755482384f,1.734723475976807e-18f,0.9990482215818578f,-0.04361938736533599f,0.0625f,0.5372996083468233f,-0.03678821817552306f,-0.8425887240367156f,-0.48996111182864127f,0f,0f,0f,1f], start_interpolation: 0, interpolation_duration: 1 }
$data merge entity $(bone_flipper4) { transformation: [0.608761429008721f,-0.034605586667746616f,-0.7925982437039849f,-0.48996111182864127f,3.469446951953614e-18f,0.9990482215818578f,-0.043619387365336f,0.0625f,0.793353340291235f,0.02655380058500689f,0.6081820230187931f,0.20294853755482384f,0f,0f,0f,1f], start_interpolation: 0, interpolation_duration: 1 }
$data merge entity $(bone_flipper5) { transformation: [0.9762960071199335f,0.009440963361569889f,0.2162336113847257f,0.20294853755482384f,0f,0.9990482215818578f,-0.04361938736533599f,0.0625f,-0.21643961393810301f,0.04258543371779521f,0.9753667896506384f,0.48996111182864127f,0f,0f,0f,1f], start_interpolation: 0, interpolation_duration: 1 }
$data merge entity $(bone_flipper6) { transformation: [-0.9238795325112867f,0f,0.38268343236509017f,0.22516647244168228f,0f,1f,0f,0.0625f,-0.38268343236509017f,0f,-0.9238795325112867f,-0.3802795809508699f,0f,0f,0f,1f], start_interpolation: 0, interpolation_duration: 1 }
$data merge entity $(bone_flipper7) { transformation: [-0.38268343236508984f,0f,-0.9238795325112868f,-0.404197295473688f,0f,1f,0f,0.0625f,0.9238795325112868f,0f,-0.38268343236508984f,-0.16742400165972685f,0f,0f,0f,1f], start_interpolation: 0, interpolation_duration: 1 }
$data merge entity $(bone_flipper8) { transformation: [0.923879532511287f,0f,-0.3826834323650897f,-0.14350628713690872f,0f,1f,0f,0.0625f,0.3826834323650897f,0f,0.923879532511287f,0.34645482469173255f,0f,0f,0f,1f], start_interpolation: 0, interpolation_duration: 1 }