# This file was generated by Animated Java via MC-Build. It is not recommended to edit this file directly.
$data merge entity $(bone_core) { transformation: [0.45399049973954686f,0f,0.8910065241883678f,0f,0f,1f,0f,0f,-0.8910065241883678f,0f,0.45399049973954686f,0f,0f,0f,0f,1f], start_interpolation: 0, interpolation_duration: 1 }
$data merge entity $(bone_flipper) { transformation: [0.45399049973954686f,0f,0.8910065241883678f,0.3614409480986892f,0f,1f,0f,0.0625f,-0.8910065241883678f,0f,0.45399049973954686f,0.2543087513978247f,0f,0f,0f,1f], start_interpolation: 0, interpolation_duration: 1 }
$data merge entity $(bone_flipper2) { transformation: [-0.30901699437494734f,0.04148450259060529f,0.9501513212285103f,0.504373883972968f,3.469446951953614e-18f,0.9990482215818578f,-0.043619387365336f,0.0625f,-0.9510565162951536f,-0.013479131980112684f,-0.3087228786688623f,-0.16388100916830783f,0f,0f,0f,1f], start_interpolation: 0, interpolation_duration: 1 }
$data merge entity $(bone_flipper3) { transformation: [-0.8829475928589271f,-0.020478061954167404f,-0.4690247298844991f,-0.16388100916830783f,1.734723475976807e-18f,0.9990482215818578f,-0.04361938736533599f,0.0625f,0.4694715627858903f,-0.03851363307620451f,-0.8821072223956934f,-0.504373883972968f,0f,0f,0f,1f], start_interpolation: 0, interpolation_duration: 1 }
$data merge entity $(bone_flipper4) { transformation: [0.5446390350150273f,-0.0365822963751178f,-0.8378723393989223f,-0.504373883972968f,3.469446951953614e-18f,0.9990482215818578f,-0.043619387365336f,0.0625f,0.8386705679454237f,0.023756821042603272f,0.5441206593358222f,0.16388100916830783f,0f,0f,0f,1f], start_interpolation: 0, interpolation_duration: 1 }
$data merge entity $(bone_flipper5) { transformation: [0.9902680687415704f,0.006070645401612115f,0.13904063900618585f,0.16388100916830783f,0f,0.9990482215818578f,-0.04361938736533599f,0.0625f,-0.13917310096006558f,0.04319488648596173f,0.9893255529655667f,0.504373883972968f,0f,0f,0f,1f], start_interpolation: 0, interpolation_duration: 1 }
$data merge entity $(bone_flipper6) { transformation: [-0.8910065241883677f,0f,0.4539904997395471f,0.2543087513978247f,0f,1f,0f,0.0625f,-0.4539904997395471f,0f,-0.8910065241883677f,-0.3614409480986892f,0f,0f,0f,1f], start_interpolation: 0, interpolation_duration: 1 }
$data merge entity $(bone_flipper7) { transformation: [-0.45399049973954675f,0f,-0.8910065241883679f,-0.3898153543324109f,0f,1f,0f,0.0625f,0.8910065241883679f,0f,-0.45399049973954675f,-0.19862084363605176f,0f,0f,0f,1f], start_interpolation: 0, interpolation_duration: 1 }
$data merge entity $(bone_flipper8) { transformation: [0.8910065241883679f,0f,-0.45399049973954664f,-0.1702464374023301f,0f,1f,0f,0.0625f,0.45399049973954664f,0f,0.8910065241883679f,0.3341274465706379f,0f,0f,0f,1f], start_interpolation: 0, interpolation_duration: 1 }