# This file was generated by Animated Java via MC-Build. It is not recommended to edit this file directly.
$data merge entity $(bone_core) { transformation: [0.587785252292473f,0f,0.8090169943749477f,0f,0f,1f,0f,0f,-0.8090169943749477f,0f,0.587785252292473f,0f,0f,0f,0f,1f], start_interpolation: 0, interpolation_duration: 1 }
$data merge entity $(bone_flipper) { transformation: [0.587785252292473f,0f,0.8090169943749477f,0.31720835677076004f,0f,1f,0f,0.0625f,-0.8090169943749477f,0f,0.587785252292473f,0.30771961002639114f,0f,0f,0f,1f], start_interpolation: 0, interpolation_duration: 1 }
$data merge entity $(bone_flipper2) { transformation: [-0.15643446504023117f,0.043082360324645234f,0.9867482801487086f,0.5238008425002828f,3.469446951953614e-18f,0.9990482215818578f,-0.043619387365336f,0.0625f,-0.9876883405951379f,-0.006823575527878954f,-0.15628557409255234f,-0.082961903280928f,0f,0f,0f,1f], start_interpolation: 0, interpolation_duration: 1 }
$data merge entity $(bone_flipper3) { transformation: [-0.945518575599317f,-0.014201083443084251f,-0.32525828571410975f,-0.082961903280928f,1.734723475976807e-18f,0.9990482215818578f,-0.04361938736533599f,0.0625f,0.3255681544571565f,-0.04124294101018733f,-0.9446186514251089f,-0.5238008425002828f,0f,0f,0f,1f], start_interpolation: 0, interpolation_duration: 1 }
$data merge entity $(bone_flipper4) { transformation: [0.40673664307580093f,-0.03984829319275576f,-0.9126759647920246f,-0.5238008425002828f,3.469446951953614e-18f,0.9990482215818578f,-0.043619387365336f,0.0625f,0.9135454576426006f,0.01774160318999976f,0.4063495199170537f,0.082961903280928f,0f,0f,0f,1f], start_interpolation: 0, interpolation_duration: 1 }
$data merge entity $(bone_flipper5) { transformation: [0.9998476951563915f,-0.0007612632768451352f,-0.0174357956134914f,0.082961903280928f,0f,0.9990482215818578f,-0.04361938736533599f,0.0625f,0.017452406437283075f,0.04361274392136502f,0.9988960616987124f,0.5238008425002828f,0f,0f,0f,1f], start_interpolation: 0, interpolation_duration: 1 }
$data merge entity $(bone_flipper6) { transformation: [-0.8090169943749476f,0f,0.5877852522924732f,0.30771961002639114f,0f,1f,0f,0.0625f,-0.5877852522924732f,0f,-0.8090169943749476f,-0.31720835677076004f,0f,0f,0f,1f], start_interpolation: 0, interpolation_duration: 1 }
$data merge entity $(bone_flipper7) { transformation: [-0.5877852522924729f,0f,-0.8090169943749478f,-0.3539449350390396f,0f,1f,0f,0.0625f,0.8090169943749478f,0f,-0.5877852522924729f,-0.25715604787795693f,0f,0f,0f,1f], start_interpolation: 0, interpolation_duration: 1 }
$data merge entity $(bone_flipper8) { transformation: [0.8090169943749478f,0f,-0.5877852522924728f,-0.2204194696096774f,0f,1f,0f,0.0625f,0.5877852522924728f,0f,0.8090169943749478f,0.3033813728906054f,0f,0f,0f,1f], start_interpolation: 0, interpolation_duration: 1 }