# This file was generated by Animated Java via MC-Build. It is not recommended to edit this file directly.
$data merge entity $(bone_core) { transformation: [0.6494480483301835f,0f,0.7604059656000308f,0f,0f,1f,0f,0f,-0.7604059656000308f,0f,0.6494480483301835f,0f,0f,0f,0f,1f], start_interpolation: 0, interpolation_duration: 1 }
$data merge entity $(bone_flipper) { transformation: [0.6494480483301835f,0f,0.7604059656000308f,0.292087106929377f,0f,1f,0f,0.0625f,-0.7604059656000308f,0f,0.6494480483301835f,0.3316588939944572f,0f,0f,0f,1f], start_interpolation: 0, interpolation_duration: 1 }
$data merge entity $(bone_flipper2) { transformation: [-0.07845909572784504f,0.04348492335132325f,0.9959684893302088f,0.5286952552238304f,3.469446951953614e-18f,0.9990482215818578f,-0.043619387365336f,0.0625f,-0.9969173337331279f,-0.003422337688886848f,-0.0783844200538244f,-0.04160921897619274f,0f,0f,0f,1f], start_interpolation: 0, interpolation_duration: 1 }
$data merge entity $(bone_flipper3) { transformation: [-0.9681476403781076f,-0.010921422385385054f,-0.2501416977702476f,-0.04160921897619274f,1.734723475976807e-18f,0.9990482215818578f,-0.04361938736533599f,0.0625f,0.2503800040544409f,-0.042230006952488686f,-0.9672261783484204f,-0.5286952552238304f,0f,0f,0f,1f], start_interpolation: 0, interpolation_duration: 1 }
$data merge entity $(bone_flipper4) { transformation: [0.3338068592337713f,-0.04111744434658765f,-0.9417443052649112f,-0.5286952552238304f,3.469446951953614e-18f,0.9990482215818578f,-0.043619387365336f,0.0625f,0.942641491092178f,0.014560450698124052f,0.33348914906932475f,0.04160921897619274f,0f,0f,0f,1f], start_interpolation: 0, interpolation_duration: 1 }
$data merge entity $(bone_flipper5) { transformation: [0.9953961983671786f,-0.00418073300650177f,-0.09575452860150441f,0.04160921897619274f,0f,0.9990482215818578f,-0.04361938736533599f,0.0625f,0.09584575252022376f,0.043418572358560795f,0.9944488017480719f,0.5286952552238304f,0f,0f,0f,1f], start_interpolation: 0, interpolation_duration: 1 }
$data merge entity $(bone_flipper6) { transformation: [-0.7604059656000307f,0f,0.6494480483301838f,0.3316588939944572f,0f,1f,0f,0.0625f,-0.6494480483301838f,0f,-0.7604059656000307f,-0.292087106929377f,0f,0f,0f,1f], start_interpolation: 0, interpolation_duration: 1 }
$data merge entity $(bone_flipper7) { transformation: [-0.6494480483301834f,0f,-0.7604059656000309f,-0.3326776099500135f,0f,1f,0f,0.0625f,0.7604059656000309f,0f,-0.6494480483301834f,-0.2841335211444553f,0f,0f,0f,1f], start_interpolation: 0, interpolation_duration: 1 }
$data merge entity $(bone_flipper8) { transformation: [0.7604059656000309f,0f,-0.6494480483301833f,-0.24354301812381884f,0f,1f,0f,0.0625f,0.6494480483301833f,0f,0.7604059656000309f,0.2851522371000116f,0f,0f,0f,1f], start_interpolation: 0, interpolation_duration: 1 }