# This file was generated by Animated Java via MC-Build. It is not recommended to edit this file directly.
$data merge entity $(bone_core) { transformation: [-0.9723699203976766f,0f,0.23344536385590553f,0f,0f,1f,0f,0f,-0.23344536385590553f,0f,-0.9723699203976766f,0f,0f,0f,0f,1f], start_interpolation: 0, interpolation_duration: 1 }
$data merge entity $(bone_flipper) { transformation: [-0.9723699203976766f,0f,0.23344536385590553f,0.16290546671181344f,0f,1f,0f,0.0625f,-0.23344536385590553f,0f,-0.9723699203976766f,-0.4108215049329894f,0f,0f,0f,1f], start_interpolation: 0, interpolation_duration: 1 }
$data merge entity $(bone_flipper2) { transformation: [-0.8526401643540923f,-0.02279106729217705f,-0.522001261858542f,-0.2770967087031641f,3.469446951953614e-18f,0.9990482215818578f,-0.043619387365336f,0.0625f,0.5224985647159488f,-0.0371916416122049f,-0.8518286398472188f,-0.45218073159509325f,0f,0f,0f,1f], start_interpolation: 0, interpolation_duration: 1 }
$data merge entity $(bone_flipper3) { transformation: [0.662620048215737f,-0.032668989704579925f,-0.7482428808978113f,-0.45218073159509325f,1.734723475976807e-18f,0.9990482215818578f,-0.04361938736533599f,0.0625f,0.7489557207890023f,0.02890308055915984f,0.6619893807544168f,0.2770967087031641f,0f,0f,0f,1f], start_interpolation: 0, interpolation_duration: 1 }
$data merge entity $(bone_flipper4) { transformation: [0.6883545756937537f,0.03164038567407194f,0.7246839753408848f,0.2770967087031641f,3.469446951953614e-18f,0.9990482215818578f,-0.043619387365336f,0.0625f,-0.7253743710122879f,0.030025604881887352f,0.687699414664579f,0.45218073159509325f,0f,0f,0f,1f], start_interpolation: 0, interpolation_duration: 1 }
$data merge entity $(bone_flipper5) { transformation: [-0.3665012267242974f,0.04058424430932177f,0.9295320166209589f,0.45218073159509325f,0f,0.9990482215818578f,-0.04361938736533599f,0.0625f,-0.9304175679820246f,-0.015986558978357962f,-0.36615239876647854f,-0.2770967087031641f,0f,0f,0f,1f], start_interpolation: 0, interpolation_duration: 1 }
$data merge entity $(bone_flipper6) { transformation: [-0.23344536385590575f,0f,-0.9723699203976766f,-0.4108215049329894f,0f,1f,0f,0.0625f,0.9723699203976766f,0f,-0.23344536385590575f,-0.16290546671181344f,0f,0f,0f,1f], start_interpolation: 0, interpolation_duration: 1 }
$data merge entity $(bone_flipper7) { transformation: [0.9723699203976766f,0f,-0.23344536385590542f,-0.10213234668695867f,0f,1f,0f,0.0625f,0.23344536385590542f,0f,0.9723699203976766f,0.4254118401739835f,0f,0f,0f,1f], start_interpolation: 0, interpolation_duration: 1 }
$data merge entity $(bone_flipper8) { transformation: [0.2334453638559053f,0f,0.9723699203976766f,0.3646387201491287f,0f,1f,0f,0.0625f,-0.9723699203976766f,0f,0.2334453638559053f,0.08754201144596457f,0f,0f,0f,1f], start_interpolation: 0, interpolation_duration: 1 }