# This file was generated by Animated Java via MC-Build. It is not recommended to edit this file directly.
$data merge entity $(bone_core) { transformation: [0.7071067811865476f,0f,0.7071067811865476f,0f,0f,1f,0f,0f,-0.7071067811865476f,0f,0.7071067811865476f,0f,0f,0f,0f,1f], start_interpolation: 0, interpolation_duration: 1 }
$data merge entity $(bone_flipper) { transformation: [0.7071067811865476f,0f,0.7071067811865476f,0.2651650429449553f,0f,1f,0f,0.0625f,-0.7071067811865476f,0f,0.7071067811865476f,0.3535533905932738f,0f,0f,0f,1f], start_interpolation: 0, interpolation_duration: 1 }
$data merge entity $(bone_flipper2) { transformation: [-1.1102230246251565e-16f,0.04361938736533601f,0.9990482215818579f,0.5303300858899107f,3.469446951953614e-18f,0.9990482215818578f,-0.043619387365336f,0.0625f,-1f,0f,-1.6653345369377348e-16f,0f,0f,0f,0f,1f], start_interpolation: 0, interpolation_duration: 1 }
$data merge entity $(bone_flipper3) { transformation: [-0.9848077530122081f,-0.007574427126938503f,-0.17348290307907682f,0f,1.734723475976807e-18f,0.9990482215818578f,-0.04361938736533599f,0.0625f,0.17364817766692991f,-0.04295671085902564f,-0.983870434246872f,-0.5303300858899107f,0f,0f,0f,1f], start_interpolation: 0, interpolation_duration: 1 }
$data merge entity $(bone_flipper4) { transformation: [0.25881904510252124f,-0.04213309278308512f,-0.9650064789340801f,-0.5303300858899107f,3.469446951953614e-18f,0.9990482215818578f,-0.043619387365336f,0.0625f,0.9659258262890682f,0.011289528185853236f,0.2585727067211884f,0f,0f,0f,0f,1f], start_interpolation: 0, interpolation_duration: 1 }
$data merge entity $(bone_flipper5) { transformation: [0.9848077530122082f,-0.007574427126938513f,-0.173482903079077f,0f,0f,0.9990482215818578f,-0.04361938736533599f,0.0625f,0.1736481776669302f,0.04295671085902565f,0.983870434246872f,0.5303300858899107f,0f,0f,0f,1f], start_interpolation: 0, interpolation_duration: 1 }
$data merge entity $(bone_flipper6) { transformation: [-0.7071067811865475f,0f,0.7071067811865477f,0.3535533905932738f,0f,1f,0f,0.0625f,-0.7071067811865477f,0f,-0.7071067811865475f,-0.2651650429449553f,0f,0f,0f,1f], start_interpolation: 0, interpolation_duration: 1 }
$data merge entity $(bone_flipper7) { transformation: [-0.7071067811865475f,0f,-0.7071067811865477f,-0.30935921676911454f,0f,1f,0f,0.0625f,0.7071067811865477f,0f,-0.7071067811865475f,-0.30935921676911454f,0f,0f,0f,1f], start_interpolation: 0, interpolation_duration: 1 }
$data merge entity $(bone_flipper8) { transformation: [0.7071067811865477f,0f,-0.7071067811865475f,-0.26516504294495535f,0f,1f,0f,0.0625f,0.7071067811865475f,0f,0.7071067811865477f,0.26516504294495535f,0f,0f,0f,1f], start_interpolation: 0, interpolation_duration: 1 }