# This file was generated by Animated Java via MC-Build. It is not recommended to edit this file directly.
$data merge entity $(bone_core) { transformation: [0.7604059656000312f,0f,0.6494480483301837f,0f,0f,1f,0f,0f,-0.6494480483301837f,0f,0.7604059656000312f,0f,0f,0f,0f,1f], start_interpolation: 0, interpolation_duration: 1 }
$data merge entity $(bone_flipper) { transformation: [0.7604059656000312f,0f,0.6494480483301837f,0.2366081482944534f,0f,1f,0f,0.0625f,-0.6494480483301837f,0f,0.7604059656000312f,0.3732681129706501f,0f,0f,0f,1f], start_interpolation: 0, interpolation_duration: 1 }
$data merge entity $(bone_flipper2) { transformation: [0.07845909572784499f,0.043484923351323264f,0.9959684893302091f,0.5286952552238305f,3.469446951953614e-18f,0.9990482215818578f,-0.043619387365336f,0.0625f,-0.9969173337331281f,0.003422337688886855f,0.07838442005382429f,0.041609218976192824f,0f,0f,0f,1f], start_interpolation: 0, interpolation_duration: 1 }
$data merge entity $(bone_flipper3) { transformation: [-0.995396198367179f,-0.004180733006501753f,-0.09575452860150413f,0.041609218976192824f,1.734723475976807e-18f,0.9990482215818578f,-0.04361938736533599f,0.0625f,0.09584575252022348f,-0.04341857235856081f,-0.9944488017480722f,-0.5286952552238305f,0f,0f,0f,1f], start_interpolation: 0, interpolation_duration: 1 }
$data merge entity $(bone_flipper4) { transformation: [0.18223552549214778f,-0.04288897669189979f,-0.9823190667634029f,-0.5286952552238305f,3.469446951953614e-18f,0.9990482215818578f,-0.043619387365336f,0.0625f,0.9832549075639547f,0.007949001978167551f,0.18206207765196553f,-0.041609218976192824f,0f,0f,0f,1f], start_interpolation: 0, interpolation_duration: 1 }
$data merge entity $(bone_flipper5) { transformation: [0.968147640378108f,-0.010921422385385078f,-0.25014169777024803f,-0.041609218976192824f,0f,0.9990482215818578f,-0.04361938736533599f,0.0625f,0.2503800040544414f,0.0422300069524887f,0.9672261783484208f,0.5286952552238305f,0f,0f,0f,1f], start_interpolation: 0, interpolation_duration: 1 }
$data merge entity $(bone_flipper6) { transformation: [-0.6494480483301834f,0f,0.7604059656000313f,0.3732681129706501f,0f,1f,0f,0.0625f,-0.7604059656000313f,0f,-0.6494480483301834f,-0.2366081482944534f,0f,0f,0f,1f], start_interpolation: 0, interpolation_duration: 1 }
$data merge entity $(bone_flipper7) { transformation: [-0.760405965600031f,0f,-0.6494480483301838f,-0.28413352114445534f,0f,1f,0f,0.0625f,0.6494480483301838f,0f,-0.760405965600031f,-0.3326776099500136f,0f,0f,0f,1f], start_interpolation: 0, interpolation_duration: 1 }
$data merge entity $(bone_flipper8) { transformation: [0.6494480483301839f,0f,-0.760405965600031f,-0.2851522371000117f,0f,1f,0f,0.0625f,0.760405965600031f,0f,0.6494480483301839f,0.24354301812381887f,0f,0f,0f,1f], start_interpolation: 0, interpolation_duration: 1 }