# This file was generated by Animated Java via MC-Build. It is not recommended to edit this file directly.
$data merge entity $(bone_core) { transformation: [0.8090169943749473f,0f,0.587785252292473f,0f,0f,1f,0f,0f,-0.587785252292473f,0f,0.8090169943749473f,0f,0f,0f,0f,1f], start_interpolation: 0, interpolation_duration: 1 }
$data merge entity $(bone_flipper) { transformation: [0.8090169943749473f,0f,0.587785252292473f,0.2065924857295227f,0f,1f,0f,0.0625f,-0.587785252292473f,0f,0.8090169943749473f,0.39068151330731904f,0f,0f,0f,1f], start_interpolation: 0, interpolation_duration: 1 }
$data merge entity $(bone_flipper2) { transformation: [0.15643446504023073f,0.04308236032464523f,0.9867482801487084f,0.5238008425002827f,3.469446951953614e-18f,0.9990482215818578f,-0.043619387365336f,0.0625f,-0.9876883405951375f,0.006823575527878944f,0.15628557409255178f,0.08296190328092784f,0f,0f,0f,1f], start_interpolation: 0, interpolation_duration: 1 }
$data merge entity $(bone_flipper3) { transformation: [-0.999847695156391f,-0.0007612632768451352f,-0.0174357956134914f,0.08296190328092784f,1.734723475976807e-18f,0.9990482215818578f,-0.04361938736533599f,0.0625f,0.017452406437283075f,-0.043612743921364994f,-0.9988960616987119f,-0.5238008425002827f,0f,0f,0f,1f], start_interpolation: 0, interpolation_duration: 1 }
$data merge entity $(bone_flipper4) { transformation: [0.1045284632676538f,-0.04338043579737687f,-0.9935753308918917f,-0.5238008425002827f,3.469446951953614e-18f,0.9990482215818578f,-0.043619387365336f,0.0625f,0.9945218953682731f,0.004559467529975086f,0.10442897533223416f,-0.08296190328092784f,0f,0f,0f,1f], start_interpolation: 0, interpolation_duration: 1 }
$data merge entity $(bone_flipper5) { transformation: [0.9455185755993167f,-0.01420108344308425f,-0.3252582857141097f,-0.08296190328092784f,0f,0.9990482215818578f,-0.04361938736533599f,0.0625f,0.3255681544571564f,0.04124294101018733f,0.9446186514251087f,0.5238008425002827f,0f,0f,0f,1f], start_interpolation: 0, interpolation_duration: 1 }
$data merge entity $(bone_flipper6) { transformation: [-0.5877852522924728f,0f,0.8090169943749475f,0.39068151330731904f,0f,1f,0f,0.0625f,-0.8090169943749475f,0f,-0.5877852522924728f,-0.2065924857295227f,0f,0f,0f,1f], start_interpolation: 0, interpolation_duration: 1 }
$data merge entity $(bone_flipper7) { transformation: [-0.8090169943749472f,0f,-0.5877852522924731f,-0.25715604787795693f,0f,1f,0f,0.0625f,0.5877852522924731f,0f,-0.8090169943749472f,-0.35394493503903945f,0f,0f,0f,1f], start_interpolation: 0, interpolation_duration: 1 }
$data merge entity $(bone_flipper8) { transformation: [0.5877852522924732f,0f,-0.8090169943749472f,-0.30338137289060524f,0f,1f,0f,0.0625f,0.8090169943749472f,0f,0.5877852522924732f,0.2204194696096774f,0f,0f,0f,1f], start_interpolation: 0, interpolation_duration: 1 }