# This file was generated by Animated Java via MC-Build. It is not recommended to edit this file directly.
$data merge entity $(bone_core) { transformation: [0.8526401643540923f,0f,0.5224985647159489f,0f,0f,1f,0f,0f,-0.5224985647159489f,0f,0.8526401643540923f,0f,0f,0f,0f,1f], start_interpolation: 0, interpolation_duration: 1 }
$data merge entity $(bone_flipper) { transformation: [0.8526401643540923f,0f,0.5224985647159489f,0.1753031117910969f,0f,1f,0f,0.0625f,-0.5224985647159489f,0f,0.8526401643540923f,0.4056862321996622f,0f,0f,0f,1f], start_interpolation: 0, interpolation_duration: 1 }
$data merge entity $(bone_flipper2) { transformation: [0.23344536385590542f,0.04241418022022719f,0.9714444396929915f,0.5156770234012655f,3.469446951953614e-18f,0.9990482215818578f,-0.043619387365336f,0.0625f,-0.9723699203976766f,0.010182743754672548f,0.23322317559677186f,0.12380309986430377f,0f,0f,0f,1f], start_interpolation: 0, interpolation_duration: 1 }
$data merge entity $(bone_flipper3) { transformation: [-0.9981347984218669f,0.002662899894058969f,0.06099043485246891f,0.12380309986430377f,1.734723475976807e-18f,0.9990482215818578f,-0.04361938736533599f,0.0625f,-0.06104853953485728f,-0.04353802841518497f,-0.9971847952623323f,-0.5156770234012655f,0f,0f,0f,1f], start_interpolation: 0, interpolation_duration: 1 }
$data merge entity $(bone_flipper4) { transformation: [0.02617694830787365f,-0.04360444009070441f,-0.9987058727081077f,-0.5156770234012655f,3.469446951953614e-18f,0.9990482215818578f,-0.043619387365336f,0.0625f,0.9996573249755574f,0.0011418224482835082f,0.026152033653421336f,-0.12380309986430377f,0f,0f,0f,1f], start_interpolation: 0, interpolation_duration: 1 }
$data merge entity $(bone_flipper5) { transformation: [0.9170600743851243f,-0.01739319009901737f,-0.39836954816718867f,-0.12380309986430377f,0f,0.9990482215818578f,-0.04361938736533599f,0.0625f,0.39874906892524603f,0.04000159862188858f,0.9161872363981846f,0.5156770234012655f,0f,0f,0f,1f], start_interpolation: 0, interpolation_duration: 1 }
$data merge entity $(bone_flipper6) { transformation: [-0.5224985647159487f,0f,0.8526401643540924f,0.4056862321996622f,0f,1f,0f,0.0625f,-0.8526401643540924f,0f,-0.5224985647159487f,-0.1753031117910969f,0f,0f,0f,1f], start_interpolation: 0, interpolation_duration: 1 }
$data merge entity $(bone_flipper7) { transformation: [-0.8526401643540922f,0f,-0.522498564715949f,-0.22859312206322766f,0f,1f,0f,0.0625f,0.522498564715949f,0f,-0.8526401643540922f,-0.3730300719049154f,0f,0f,0f,1f], start_interpolation: 0, interpolation_duration: 1 }
$data merge entity $(bone_flipper8) { transformation: [0.5224985647159491f,0f,-0.8526401643540922f,-0.3197400616327846f,0f,1f,0f,0.0625f,0.8526401643540922f,0f,0.5224985647159491f,0.19593696176848086f,0f,0f,0f,1f], start_interpolation: 0, interpolation_duration: 1 }