# This file was generated by Animated Java via MC-Build. It is not recommended to edit this file directly.
$data merge entity $(bone_core) { transformation: [0.8910065241883679f,0f,0.4539904997395468f,0f,0f,1f,0f,0f,-0.4539904997395468f,0f,0.8910065241883679f,0f,0f,0f,0f,1f], start_interpolation: 0, interpolation_duration: 1 }
$data merge entity $(bone_flipper) { transformation: [0.8910065241883679f,0f,0.4539904997395468f,0.14293293587427874f,0f,1f,0f,0.0625f,-0.4539904997395468f,0f,0.8910065241883679f,0.4181897605661326f,0f,0f,0f,1f], start_interpolation: 0, interpolation_duration: 1 }
$data merge entity $(bone_flipper2) { transformation: [0.30901699437494734f,0.04148450259060529f,0.9501513212285104f,0.504373883972968f,3.469446951953614e-18f,0.9990482215818578f,-0.043619387365336f,0.0625f,-0.9510565162951536f,0.013479131980112689f,0.308722878668862f,0.16388100916830792f,0f,0f,0f,1f], start_interpolation: 0, interpolation_duration: 1 }
$data merge entity $(bone_flipper3) { transformation: [-0.9902680687415703f,0.006070645401612125f,0.13904063900618613f,0.16388100916830792f,1.734723475976807e-18f,0.9990482215818578f,-0.04361938736533599f,0.0625f,-0.1391731009600658f,-0.043194886485961724f,-0.9893255529655666f,-0.504373883972968f,0f,0f,0f,1f], start_interpolation: 0, interpolation_duration: 1 }
$data merge entity $(bone_flipper4) { transformation: [-0.05233595624294335f,-0.04355960851092503f,-0.9976790607156751f,-0.504373883972968f,3.469446951953614e-18f,0.9990482215818578f,-0.043619387365336f,0.0625f,0.9986295347545739f,-0.0022828623484962285f,-0.05228614400929854f,-0.16388100916830792f,0f,0f,0f,1f], start_interpolation: 0, interpolation_duration: 1 }
$data merge entity $(bone_flipper5) { transformation: [0.8829475928589272f,-0.020478061954167424f,-0.4690247298844995f,-0.16388100916830792f,0f,0.9990482215818578f,-0.04361938736533599f,0.0625f,0.4694715627858906f,0.03851363307620451f,0.8821072223956934f,0.504373883972968f,0f,0f,0f,1f], start_interpolation: 0, interpolation_duration: 1 }
$data merge entity $(bone_flipper6) { transformation: [-0.4539904997395466f,0f,0.891006524188368f,0.4181897605661326f,0f,1f,0f,0.0625f,-0.891006524188368f,0f,-0.4539904997395466f,-0.14293293587427874f,0f,0f,0f,1f], start_interpolation: 0, interpolation_duration: 1 }
$data merge entity $(bone_flipper7) { transformation: [-0.8910065241883678f,0f,-0.4539904997395469f,-0.19862084363605173f,0f,1f,0f,0.0625f,0.4539904997395469f,0f,-0.8910065241883678f,-0.38981535433241093f,0f,0f,0f,1f], start_interpolation: 0, interpolation_duration: 1 }
$data merge entity $(bone_flipper8) { transformation: [0.453990499739547f,0f,-0.8910065241883678f,-0.334127446570638f,0f,1f,0f,0.0625f,0.8910065241883678f,0f,0.453990499739547f,0.17024643740233006f,0f,0f,0f,1f], start_interpolation: 0, interpolation_duration: 1 }