# This file was generated by Animated Java via MC-Build. It is not recommended to edit this file directly.
$data merge entity $(bone_core) { transformation: [0.9510565162951536f,0f,0.30901699437494745f,0f,0f,1f,0f,0f,-0.30901699437494745f,0f,0.9510565162951536f,0f,0f,0f,0f,1f], start_interpolation: 0, interpolation_duration: 1 }
$data merge entity $(bone_flipper) { transformation: [0.9510565162951536f,0f,0.30901699437494745f,0.07575390277059241f,0f,1f,0f,0.0625f,-0.30901699437494745f,0f,0.9510565162951536f,0.43540078802756393f,0f,0f,0f,1f], start_interpolation: 0, interpolation_duration: 1 }
$data merge entity $(bone_flipper2) { transformation: [0.4539904997395467f,0.03886515872361404f,0.8901584834082217f,0.4725275665012879f,3.469446951953614e-18f,0.9990482215818578f,-0.043619387365336f,0.0625f,-0.8910065241883679f,0.019802787468321766f,0.45355840137985304f,0.24076482072007732f,0f,0f,0f,1f], start_interpolation: 0, interpolation_duration: 1 }
$data merge entity $(bone_flipper3) { transformation: [-0.9563047559630353f,0.012753074642964704f,0.29209343164410656f,0.24076482072007732f,1.734723475976807e-18f,0.9990482215818578f,-0.04361938736533599f,0.0625f,-0.29237170472273716f,-0.041713427589664745f,-0.9553945657351429f,-0.4725275665012879f,0f,0f,0f,1f], start_interpolation: 0, interpolation_duration: 1 }
$data merge entity $(bone_flipper4) { transformation: [-0.20791169081775884f,-0.04266619909688189f,-0.9772166209576698f,-0.4725275665012879f,3.469446951953614e-18f,0.9990482215818578f,-0.043619387365336f,0.0625f,0.9781476007338058f,-0.009068980579561806f,-0.20771380495755914f,-0.24076482072007732f,0f,0f,0f,1f], start_interpolation: 0, interpolation_duration: 1 }
$data merge entity $(bone_flipper5) { transformation: [0.798635510047293f,-0.02625080261714784f,-0.6012422286012983f,-0.24076482072007732f,0f,0.9990482215818578f,-0.04361938736533599f,0.0625f,0.6018150231520482f,0.03483599167646556f,0.797875386004868f,0.4725275665012879f,0f,0f,0f,1f], start_interpolation: 0, interpolation_duration: 1 }
$data merge entity $(bone_flipper6) { transformation: [-0.30901699437494723f,0f,0.9510565162951538f,0.43540078802756393f,0f,1f,0f,0.0625f,-0.9510565162951538f,0f,-0.30901699437494723f,-0.07575390277059241f,0f,0f,0f,1f], start_interpolation: 0, interpolation_duration: 1 }
$data merge entity $(bone_flipper7) { transformation: [-0.9510565162951536f,0f,-0.30901699437494756f,-0.1351949350390395f,0f,1f,0f,0.0625f,0.30901699437494756f,0f,-0.9510565162951536f,-0.4160872258791297f,0f,0f,0f,1f], start_interpolation: 0, interpolation_duration: 1 }
$data merge entity $(bone_flipper8) { transformation: [0.3090169943749477f,0f,-0.9510565162951535f,-0.3566461936106826f,0f,1f,0f,0.0625f,0.9510565162951535f,0f,0.3090169943749477f,0.1158813728906053f,0f,0f,0f,1f], start_interpolation: 0, interpolation_duration: 1 }