# This file was generated by Animated Java via MC-Build. It is not recommended to edit this file directly.
$data merge entity $(bone_core) { transformation: [0.9723699203976766f,0f,0.23344536385590542f,0f,0f,1f,0f,0f,-0.23344536385590542f,0f,0.9723699203976766f,0f,0f,0f,0f,1f], start_interpolation: 0, interpolation_duration: 1 }
$data merge entity $(bone_flipper) { transformation: [0.9723699203976766f,0f,0.23344536385590542f,0.04135922666210383f,0f,1f,0f,0.0625f,-0.23344536385590542f,0f,0.9723699203976766f,0.44000217541497755f,0f,0f,0f,1f], start_interpolation: 0, interpolation_duration: 1 }
$data merge entity $(bone_flipper2) { transformation: [0.5224985647159488f,0.0371916416122049f,0.8518286398472188f,0.4521807315950932f,3.469446951953614e-18f,0.9990482215818578f,-0.043619387365336f,0.0625f,-0.8526401643540923f,0.02279106729217705f,0.5220012618585418f,0.27709670870316416f,0f,0f,0f,1f], start_interpolation: 0, interpolation_duration: 1 }
$data merge entity $(bone_flipper3) { transformation: [-0.9304175679820242f,0.01598655897835797f,0.36615239876647876f,0.27709670870316416f,1.734723475976807e-18f,0.9990482215818578f,-0.04361938736533599f,0.0625f,-0.3665012267242975f,-0.04058424430932175f,-0.9295320166209585f,-0.4521807315950932f,0f,0f,0f,1f], start_interpolation: 0, interpolation_duration: 1 }
$data merge entity $(bone_flipper4) { transformation: [-0.2840153447039221f,-0.04182312942874448f,-0.9579071509376567f,-0.4521807315950932f,3.469446951953614e-18f,0.9990482215818578f,-0.043619387365336f,0.0625f,0.9588197348681932f,-0.012388575338339819f,-0.2837450250284118f,-0.27709670870316416f,0f,0f,0f,1f], start_interpolation: 0, interpolation_duration: 1 }
$data merge entity $(bone_flipper5) { transformation: [0.7489557207890023f,-0.028903080559159862f,-0.6619893807544172f,-0.27709670870316416f,0f,0.9990482215818578f,-0.04361938736533599f,0.0625f,0.6626200482157373f,0.032668989704579925f,0.7482428808978111f,0.4521807315950932f,0f,0f,0f,1f], start_interpolation: 0, interpolation_duration: 1 }
$data merge entity $(bone_flipper6) { transformation: [-0.2334453638559052f,0f,0.9723699203976766f,0.44000217541497755f,0f,1f,0f,0.0625f,-0.9723699203976766f,0f,-0.2334453638559052f,-0.04135922666210383f,0f,0f,0f,1f], start_interpolation: 0, interpolation_duration: 1 }
$data merge entity $(bone_flipper7) { transformation: [-0.9723699203976766f,0f,-0.23344536385590553f,-0.10213234668695861f,0f,1f,0f,0.0625f,0.23344536385590553f,0f,-0.9723699203976766f,-0.4254118401739835f,0f,0f,0f,1f], start_interpolation: 0, interpolation_duration: 1 }
$data merge entity $(bone_flipper8) { transformation: [0.23344536385590564f,0f,-0.9723699203976766f,-0.3646387201491287f,0f,1f,0f,0.0625f,0.9723699203976766f,0f,0.23344536385590564f,0.08754201144596453f,0f,0f,0f,1f], start_interpolation: 0, interpolation_duration: 1 }