# This file was generated by Animated Java via MC-Build. It is not recommended to edit this file directly.
$data merge entity $(bone_core) { transformation: [0.9876883405951378f,0f,0.15643446504023087f,0f,0f,1f,0f,0f,-0.15643446504023087f,0f,0.9876883405951378f,0f,0f,0f,0f,1f], start_interpolation: 0, interpolation_duration: 1 }
$data merge entity $(bone_flipper) { transformation: [0.9876883405951378f,0f,0.15643446504023087f,0.006709557167904889f,0f,1f,0f,0.0625f,-0.15643446504023087f,0f,0.9876883405951378f,0.4418908030753872f,0f,0f,0f,1f], start_interpolation: 0, interpolation_duration: 1 }
$data merge entity $(bone_flipper2) { transformation: [0.5877852522924731f,0.03528882566278069f,0.8082469894597911f,0.42904605211326324f,3.469446951953614e-18f,0.9990482215818578f,-0.043619387365336f,0.0625f,-0.8090169943749476f,0.02563883260737714f,0.5872258109748387f,0.3117202033330901f,0f,0f,0f,1f], start_interpolation: 0, interpolation_duration: 1 }
$data merge entity $(bone_flipper3) { transformation: [-0.8987940462991668f,0.01912148086157935f,0.4379539145924277f,0.3117202033330901f,1.734723475976807e-18f,0.9990482215818578f,-0.04361938736533599f,0.0625f,-0.43837114678907774f,-0.03920484566718108f,-0.8979385935235444f,-0.42904605211326324f,0f,0f,0f,1f], start_interpolation: 0, interpolation_duration: 1 }
$data merge entity $(bone_flipper4) { transformation: [-0.3583679495452998f,-0.04072220626007704f,-0.9326918647956619f,-0.42904605211326324f,3.469446951953614e-18f,0.9990482215818578f,-0.043619387365336f,0.0625f,0.9335804264972019f,-0.01563179041053763f,-0.3580268626651688f,-0.3117202033330901f,0f,0f,0f,1f], start_interpolation: 0, interpolation_duration: 1 }
$data merge entity $(bone_flipper5) { transformation: [0.6946583704589975f,-0.03137716139827507f,-0.7186551482413779f,-0.3117202033330901f,0f,0.9990482215818578f,-0.04361938736533599f,0.0625f,0.719339800338651f,0.030300572547624086f,0.6939972096140128f,0.42904605211326324f,0f,0f,0f,1f], start_interpolation: 0, interpolation_duration: 1 }
$data merge entity $(bone_flipper6) { transformation: [-0.15643446504023065f,0f,0.9876883405951378f,0.4418908030753872f,0f,1f,0f,0.0625f,-0.9876883405951378f,0f,-0.15643446504023065f,-0.006709557167904889f,0f,0f,0f,1f], start_interpolation: 0, interpolation_duration: 1 }
$data merge entity $(bone_flipper7) { transformation: [-0.9876883405951378f,0f,-0.15643446504023098f,-0.068440078455101f,0f,1f,0f,0.0625f,0.15643446504023098f,0f,-0.9876883405951378f,-0.43211364901037275f,0f,0f,0f,1f], start_interpolation: 0, interpolation_duration: 1 }
$data merge entity $(bone_flipper8) { transformation: [0.1564344650402311f,0f,-0.9876883405951378f,-0.37038312772317666f,0f,1f,0f,0.0625f,0.9876883405951378f,0f,0.1564344650402311f,0.05866292439008658f,0f,0f,0f,1f], start_interpolation: 0, interpolation_duration: 1 }