# This file was generated by Animated Java via MC-Build. It is not recommended to edit this file directly.
$data merge entity $(bone_core) { transformation: [0.9969173337331279f,0f,0.07845909572784449f,0f,0f,1f,0f,0f,-0.07845909572784449f,0f,0.9969173337331279f,0f,0f,0f,0f,1f], start_interpolation: 0, interpolation_duration: 1 }
$data merge entity $(bone_flipper) { transformation: [0.9969173337331279f,0f,0.07845909572784449f,-0.02798147897738853f,0f,1f,0f,0.0625f,-0.07845909572784449f,0f,0.9969173337331279f,0.4410550269912337f,0f,0f,0f,1f], start_interpolation: 0, interpolation_duration: 1 }
$data merge entity $(bone_flipper2) { transformation: [0.6494480483301838f,0.03316844236842009f,0.7596822276129459f,0.4032661610478646f,3.469446951953614e-18f,0.9990482215818578f,-0.043619387365336f,0.0625f,-0.7604059656000306f,0.02832852599377575f,0.6488299176940785f,0.3444218392519812f,0f,0f,0f,1f], start_interpolation: 0, interpolation_duration: 1 }
$data merge entity $(bone_flipper3) { transformation: [-0.8616291604415252f,0.02213851245675148f,0.5070552989004595f,0.3444218392519812f,1.734723475976807e-18f,0.9990482215818578f,-0.04361938736533599f,0.0625f,-0.5075383629607049f,-0.03758373611456812f,-0.8608090804021749f,-0.4032661610478646f,0f,0f,0f,1f], start_interpolation: 0, interpolation_duration: 1 }
$data merge entity $(bone_flipper4) { transformation: [-0.430511096808295f,-0.0393702171483085f,-0.9017262231556835f,-0.4032661610478646f,3.469446951953614e-18f,0.9990482215818578f,-0.043619387365336f,0.0625f,0.9025852843498604f,-0.018778630296756697f,-0.4301013456375822f,-0.3444218392519812f,0f,0f,0f,1f], start_interpolation: 0, interpolation_duration: 1 }
$data merge entity $(bone_flipper5) { transformation: [0.6360782202777637f,-0.033657791603404964f,-0.7708901677623436f,-0.3444218392519812f,0f,0.9990482215818578f,-0.04361938736533599f,0.0625f,0.77162458338772f,0.027745342284949293f,0.635472814755453f,0.4032661610478646f,0f,0f,0f,1f], start_interpolation: 0, interpolation_duration: 1 }
$data merge entity $(bone_flipper6) { transformation: [-0.07845909572784426f,0f,0.9969173337331279f,0.4410550269912337f,0f,1f,0f,0.0625f,-0.9969173337331279f,0f,-0.07845909572784426f,0.02798147897738853f,0f,0f,0f,1f], start_interpolation: 0, interpolation_duration: 1 }
$data merge entity $(bone_flipper7) { transformation: [-0.9969173337331279f,0f,-0.07845909572784461f,-0.03432585438093196f,0f,1f,0f,0.0625f,0.07845909572784461f,0f,-0.9969173337331279f,-0.4361513335082434f,0f,0f,0f,1f], start_interpolation: 0, interpolation_duration: 1 }
$data merge entity $(bone_flipper8) { transformation: [0.07845909572784471f,0f,-0.9969173337331279f,-0.3738440001499229f,0f,1f,0f,0.0625f,0.9969173337331279f,0f,0.07845909572784471f,0.029422160897941682f,0f,0f,0f,1f], start_interpolation: 0, interpolation_duration: 1 }