# This file was generated by Animated Java via MC-Build. It is not recommended to edit this file directly.
$data merge entity $(bone_core) { transformation: [-0.9510565162951535f,0f,0.30901699437494756f,0f,0f,1f,0f,0f,-0.30901699437494756f,0f,-0.9510565162951535f,0f,0f,0f,0f,1f], start_interpolation: 0, interpolation_duration: 1 }
$data merge entity $(bone_flipper) { transformation: [-0.9510565162951535f,0f,0.30901699437494756f,0.19463596730748667f,0f,1f,0f,0.0625f,-0.30901699437494756f,0f,-0.9510565162951535f,-0.39677366373069545f,0f,0f,0f,1f], start_interpolation: 0, interpolation_duration: 1 }
$data merge entity $(bone_flipper2) { transformation: [-0.8910065241883679f,-0.01980278746832176f,-0.45355840137985315f,-0.2407648207200772f,3.469446951953614e-18f,0.9990482215818578f,-0.043619387365336f,0.0625f,0.45399049973954675f,-0.03886515872361404f,-0.8901584834082215f,-0.4725275665012879f,0f,0f,0f,1f], start_interpolation: 0, interpolation_duration: 1 }
$data merge entity $(bone_flipper3) { transformation: [0.6018150231520478f,-0.03483599167646557f,-0.7978753860048682f,-0.4725275665012879f,1.734723475976807e-18f,0.9990482215818578f,-0.04361938736533599f,0.0625f,0.798635510047293f,0.026250802617147823f,0.6012422286012978f,0.2407648207200772f,0f,0f,0f,1f], start_interpolation: 0, interpolation_duration: 1 }
$data merge entity $(bone_flipper4) { transformation: [0.743144825477394f,0.029187067116769203f,0.6684937422888076f,0.2407648207200772f,3.469446951953614e-18f,0.9990482215818578f,-0.043619387365336f,0.0625f,-0.6691306063588585f,0.032415522011043474f,0.7424375162709506f,0.4725275665012879f,0f,0f,0f,1f], start_interpolation: 0, interpolation_duration: 1 }
$data merge entity $(bone_flipper5) { transformation: [-0.29237170472273677f,0.04171342758966476f,0.955394565735143f,0.4725275665012879f,0f,0.9990482215818578f,-0.04361938736533599f,0.0625f,-0.9563047559630355f,-0.012753074642964693f,-0.2920934316441063f,-0.2407648207200772f,0f,0f,0f,1f], start_interpolation: 0, interpolation_duration: 1 }
$data merge entity $(bone_flipper6) { transformation: [-0.3090169943749478f,0f,-0.9510565162951534f,-0.39677366373069545f,0f,1f,0f,0.0625f,0.9510565162951534f,0f,-0.3090169943749478f,-0.19463596730748667f,0f,0f,0f,1f], start_interpolation: 0, interpolation_duration: 1 }
$data merge entity $(bone_flipper7) { transformation: [0.9510565162951535f,0f,-0.30901699437494745f,-0.13519493503903957f,0f,1f,0f,0.0625f,0.30901699437494745f,0f,0.9510565162951535f,0.41608722587912966f,0f,0f,0f,1f], start_interpolation: 0, interpolation_duration: 1 }
$data merge entity $(bone_flipper8) { transformation: [0.30901699437494734f,0f,0.9510565162951536f,0.35664619361068256f,0f,1f,0f,0.0625f,-0.9510565162951536f,0f,0.30901699437494734f,0.11588137289060534f,0f,0f,0f,1f], start_interpolation: 0, interpolation_duration: 1 }