# This file was generated by Animated Java via MC-Build. It is not recommended to edit this file directly.
$data merge entity $(bone_core) { transformation: [1f,0f,0f,0f,0f,1f,0f,0f,0f,0f,1f,0f,0f,0f,0f,1f], start_interpolation: 0, interpolation_duration: 1 }
$data merge entity $(bone_flipper) { transformation: [1f,0f,0f,-0.0625f,0f,1f,0f,0.0625f,0f,0f,1f,0.4375f,0f,0f,0f,1f], start_interpolation: 0, interpolation_duration: 1 }
$data merge entity $(bone_flipper2) { transformation: [0.7071067811865475f,0.0308435645972319f,0.7064337722128923f,0.375f,3.469446951953614e-18f,0.9990482215818578f,-0.043619387365336f,0.0625f,-0.7071067811865476f,0.0308435645972319f,0.706433772212892f,0.375f,0f,0f,0f,1f], start_interpolation: 0, interpolation_duration: 1 }
$data merge entity $(bone_flipper3) { transformation: [-0.8191520442889915f,0.025019052760825278f,0.5730305186777725f,0.375f,1.734723475976807e-18f,0.9990482215818578f,-0.04361938736533599f,0.0625f,-0.5735764363510464f,-0.035730910330948384f,-0.8183723930520601f,-0.375f,0f,0f,0f,1f], start_interpolation: 0, interpolation_duration: 1 }
$data merge entity $(bone_flipper4) { transformation: [-0.49999999999999956f,-0.03777549755589496f,-0.8652011394955539f,-0.375f,3.469446951953614e-18f,0.9990482215818578f,-0.043619387365336f,0.0625f,0.8660254037844388f,-0.02180969368266799f,-0.4995241107909285f,-0.375f,0f,0f,0f,1f], start_interpolation: 0, interpolation_duration: 1 }
$data merge entity $(bone_flipper5) { transformation: [0.5735764363510463f,-0.0357309103309484f,-0.8183723930520603f,-0.375f,0f,0.9990482215818578f,-0.04361938736533599f,0.0625f,0.8191520442889917f,0.025019052760825274f,0.5730305186777724f,0.375f,0f,0f,0f,1f], start_interpolation: 0, interpolation_duration: 1 }
$data merge entity $(bone_flipper6) { transformation: [2.220446049250313e-16f,0f,1f,0.4375f,0f,1f,0f,0.0625f,-1f,0f,2.220446049250313e-16f,0.0625f,0f,0f,0f,1f], start_interpolation: 0, interpolation_duration: 1 }
$data merge entity $(bone_flipper7) { transformation: [-1f,0f,-1.2246467991473532e-16f,0f,0f,1f,0f,0.0625f,1.2246467991473532e-16f,0f,-1f,-0.4375f,0f,0f,0f,1f], start_interpolation: 0, interpolation_duration: 1 }
$data merge entity $(bone_flipper8) { transformation: [2.220446049250313e-16f,0f,-1f,-0.375f,0f,1f,0f,0.0625f,1f,0f,2.220446049250313e-16f,0f,0f,0f,0f,1f], start_interpolation: 0, interpolation_duration: 1 }