# This file was generated by Animated Java via MC-Build. It is not recommended to edit this file directly.
$data merge entity $(bone_core) { transformation: [0.9969173337331279f,0f,-0.0784590957278445f,0f,0f,1f,0f,0f,0.0784590957278445f,0f,0.9969173337331279f,0f,0f,0f,0f,1f], start_interpolation: 0, interpolation_duration: 1 }
$data merge entity $(bone_flipper) { transformation: [0.9969173337331279f,0f,-0.0784590957278445f,-0.09663318773925246f,0f,1f,0f,0.0625f,0.0784590957278445f,0f,0.9969173337331279f,0.4312476400252531f,0f,0f,0f,1f], start_interpolation: 0, interpolation_duration: 1 }
$data merge entity $(bone_flipper2) { transformation: [0.7604059656000305f,0.02832852599377575f,0.6488299176940787f,0.3444218392519812f,3.469446951953614e-18f,0.9990482215818578f,-0.043619387365336f,0.0625f,-0.6494480483301839f,0.03316844236842009f,0.7596822276129457f,0.4032661610478646f,0f,0f,0f,1f], start_interpolation: 0, interpolation_duration: 1 }
$data merge entity $(bone_flipper3) { transformation: [-0.7716245833877198f,0.027745342284949296f,0.6354728147554531f,0.4032661610478646f,1.734723475976807e-18f,0.9990482215818578f,-0.04361938736533599f,0.0625f,-0.6360782202777638f,-0.03365779160340495f,-0.7708901677623434f,-0.3444218392519812f,0f,0f,0f,1f], start_interpolation: 0, interpolation_duration: 1 }
$data merge entity $(bone_flipper4) { transformation: [-0.5664062369248319f,-0.03594787945942168f,-0.8233418031018598f,-0.3444218392519812f,3.469446951953614e-18f,0.9990482215818578f,-0.043619387365336f,0.0625f,0.824126188622016f,-0.024706293054566533f,-0.5658671436926258f,-0.4032661610478646f,0f,0f,0f,1f], start_interpolation: 0, interpolation_duration: 1 }
$data merge entity $(bone_flipper5) { transformation: [0.5075383629607046f,-0.03758373611456813f,-0.8608090804021751f,-0.4032661610478646f,0f,0.9990482215818578f,-0.04361938736533599f,0.0625f,0.8616291604415254f,0.022138512456751476f,0.5070552989004594f,0.3444218392519812f,0f,0f,0f,1f], start_interpolation: 0, interpolation_duration: 1 }
$data merge entity $(bone_flipper6) { transformation: [0.07845909572784472f,0f,0.9969173337331279f,0.4312476400252531f,0f,1f,0f,0.0625f,-0.9969173337331279f,0f,0.07845909572784472f,0.09663318773925246f,0f,0f,0f,1f], start_interpolation: 0, interpolation_duration: 1 }
$data merge entity $(bone_flipper7) { transformation: [-0.9969173337331279f,0f,0.07845909572784437f,0.03432585438093197f,0f,1f,0f,0.0625f,-0.07845909572784437f,0f,-0.9969173337331279f,-0.4361513335082434f,0f,0f,0f,1f], start_interpolation: 0, interpolation_duration: 1 }
$data merge entity $(bone_flipper8) { transformation: [-0.07845909572784428f,0f,-0.9969173337331279f,-0.3738440001499229f,0f,1f,0f,0.0625f,0.9969173337331279f,0f,-0.07845909572784428f,-0.02942216089794169f,0f,0f,0f,1f], start_interpolation: 0, interpolation_duration: 1 }