# This file was generated by Animated Java via MC-Build. It is not recommended to edit this file directly.
$data merge entity $(bone_core) { transformation: [0.9876883405951378f,0f,-0.15643446504023084f,0f,0f,1f,0f,0f,0.15643446504023084f,0f,0.9876883405951378f,0f,0f,0f,0f,1f], start_interpolation: 0, interpolation_duration: 1 }
$data merge entity $(bone_flipper) { transformation: [0.9876883405951378f,0f,-0.15643446504023084f,-0.1301705997422971f,0f,1f,0f,0.0625f,0.15643446504023084f,0f,0.9876883405951378f,0.4223364949453583f,0f,0f,0f,1f], start_interpolation: 0, interpolation_duration: 1 }
$data merge entity $(bone_flipper2) { transformation: [0.8090169943749475f,0.02563883260737714f,0.5872258109748391f,0.3117202033330901f,3.469446951953614e-18f,0.9990482215818578f,-0.043619387365336f,0.0625f,-0.5877852522924732f,0.03528882566278069f,0.808246989459791f,0.42904605211326324f,0f,0f,0f,1f], start_interpolation: 0, interpolation_duration: 1 }
$data merge entity $(bone_flipper3) { transformation: [-0.7193398003386509f,0.030300572547624086f,0.6939972096140129f,0.42904605211326324f,1.734723475976807e-18f,0.9990482215818578f,-0.04361938736533599f,0.0625f,-0.6946583704589975f,-0.03137716139827506f,-0.7186551482413777f,-0.3117202033330901f,0f,0f,0f,1f], start_interpolation: 0, interpolation_duration: 1 }
$data merge entity $(bone_flipper4) { transformation: [-0.6293203910498371f,-0.03389863073219811f,-0.7764062907031101f,-0.3117202033330901f,3.469446951953614e-18f,0.9990482215818578f,-0.043619387365336f,0.0625f,0.7771459614569711f,-0.027450569914107582f,-0.628721417483539f,-0.42904605211326324f,0f,0f,0f,1f], start_interpolation: 0, interpolation_duration: 1 }
$data merge entity $(bone_flipper5) { transformation: [0.4383711467890776f,-0.0392048456671811f,-0.8979385935235447f,-0.42904605211326324f,0f,0.9990482215818578f,-0.04361938736533599f,0.0625f,0.8987940462991669f,0.019121480861579346f,0.4379539145924276f,0.3117202033330901f,0f,0f,0f,1f], start_interpolation: 0, interpolation_duration: 1 }
$data merge entity $(bone_flipper6) { transformation: [0.15643446504023106f,0f,0.9876883405951378f,0.4223364949453583f,0f,1f,0f,0.0625f,-0.9876883405951378f,0f,0.15643446504023106f,0.1301705997422971f,0f,0f,0f,1f], start_interpolation: 0, interpolation_duration: 1 }
$data merge entity $(bone_flipper7) { transformation: [-0.9876883405951378f,0f,0.15643446504023073f,0.068440078455101f,0f,1f,0f,0.0625f,-0.15643446504023073f,0f,-0.9876883405951378f,-0.43211364901037275f,0f,0f,0f,1f], start_interpolation: 0, interpolation_duration: 1 }
$data merge entity $(bone_flipper8) { transformation: [-0.15643446504023062f,0f,-0.9876883405951378f,-0.37038312772317666f,0f,1f,0f,0.0625f,0.9876883405951378f,0f,-0.15643446504023062f,-0.058662924390086565f,0f,0f,0f,1f], start_interpolation: 0, interpolation_duration: 1 }