# This file was generated by Animated Java via MC-Build. It is not recommended to edit this file directly.
$data merge entity $(bone_core) { transformation: [0.9723699203976766f,0f,-0.2334453638559054f,0f,0f,1f,0f,0f,0.2334453638559054f,0f,0.9723699203976766f,0f,0f,0f,0f,1f], start_interpolation: 0, interpolation_duration: 1 }
$data merge entity $(bone_flipper) { transformation: [0.9723699203976766f,0f,-0.2334453638559054f,-0.16290546671181338f,0f,1f,0f,0.0625f,0.2334453638559054f,0f,0.9723699203976766f,0.4108215049329894f,0f,0f,0f,1f], start_interpolation: 0, interpolation_duration: 1 }
$data merge entity $(bone_flipper2) { transformation: [0.8526401643540922f,0.022791067292177055f,0.5220012618585421f,0.27709670870316416f,3.469446951953614e-18f,0.9990482215818578f,-0.043619387365336f,0.0625f,-0.5224985647159489f,0.0371916416122049f,0.8518286398472187f,0.4521807315950932f,0f,0f,0f,1f], start_interpolation: 0, interpolation_duration: 1 }
$data merge entity $(bone_flipper3) { transformation: [-0.6626200482157371f,0.03266898970457992f,0.7482428808978112f,0.4521807315950932f,1.734723475976807e-18f,0.9990482215818578f,-0.04361938736533599f,0.0625f,-0.7489557207890023f,-0.028903080559159848f,-0.6619893807544169f,-0.27709670870316416f,0f,0f,0f,1f], start_interpolation: 0, interpolation_duration: 1 }
$data merge entity $(bone_flipper4) { transformation: [-0.6883545756937536f,-0.03164038567407194f,-0.7246839753408849f,-0.27709670870316416f,3.469446951953614e-18f,0.9990482215818578f,-0.043619387365336f,0.0625f,0.725374371012288f,-0.030025604881887345f,-0.6876994146645788f,-0.4521807315950932f,0f,0f,0f,1f], start_interpolation: 0, interpolation_duration: 1 }
$data merge entity $(bone_flipper5) { transformation: [0.3665012267242975f,-0.04058424430932176f,-0.9295320166209587f,-0.4521807315950932f,0f,0.9990482215818578f,-0.04361938736533599f,0.0625f,0.9304175679820245f,0.015986558978357965f,0.36615239876647865f,0.27709670870316416f,0f,0f,0f,1f], start_interpolation: 0, interpolation_duration: 1 }
$data merge entity $(bone_flipper6) { transformation: [0.2334453638559056f,0f,0.9723699203976766f,0.4108215049329894f,0f,1f,0f,0.0625f,-0.9723699203976766f,0f,0.2334453638559056f,0.16290546671181338f,0f,0f,0f,1f], start_interpolation: 0, interpolation_duration: 1 }
$data merge entity $(bone_flipper7) { transformation: [-0.9723699203976766f,0f,0.23344536385590528f,0.10213234668695861f,0f,1f,0f,0.0625f,-0.23344536385590528f,0f,-0.9723699203976766f,-0.4254118401739835f,0f,0f,0f,1f], start_interpolation: 0, interpolation_duration: 1 }
$data merge entity $(bone_flipper8) { transformation: [-0.23344536385590517f,0f,-0.9723699203976766f,-0.3646387201491287f,0f,1f,0f,0.0625f,0.9723699203976766f,0f,-0.23344536385590517f,-0.08754201144596452f,0f,0f,0f,1f], start_interpolation: 0, interpolation_duration: 1 }