# This file was generated by Animated Java via MC-Build. It is not recommended to edit this file directly.
$data merge entity $(bone_core) { transformation: [0.9510565162951532f,0f,-0.30901699437494784f,0f,0f,1f,0f,0f,0.30901699437494784f,0f,0.9510565162951532f,0f,0f,0f,0f,1f], start_interpolation: 0, interpolation_duration: 1 }
$data merge entity $(bone_flipper) { transformation: [0.9510565162951532f,0f,-0.30901699437494784f,-0.19463596730748675f,0f,1f,0f,0.0625f,0.30901699437494784f,0f,0.9510565162951532f,0.3967736637306953f,0f,0f,0f,1f], start_interpolation: 0, interpolation_duration: 1 }
$data merge entity $(bone_flipper2) { transformation: [0.8910065241883679f,0.019802787468321738f,0.4535584013798527f,0.24076482072007702f,3.469446951953614e-18f,0.9990482215818578f,-0.043619387365336f,0.0625f,-0.45399049973954636f,0.03886515872361404f,0.8901584834082215f,0.4725275665012879f,0f,0f,0f,1f], start_interpolation: 0, interpolation_duration: 1 }
$data merge entity $(bone_flipper3) { transformation: [-0.6018150231520474f,0.03483599167646557f,0.7978753860048682f,0.4725275665012879f,1.734723475976807e-18f,0.9990482215818578f,-0.04361938736533599f,0.0625f,-0.798635510047293f,-0.026250802617147802f,-0.6012422286012975f,-0.24076482072007702f,0f,0f,0f,1f], start_interpolation: 0, interpolation_duration: 1 }
$data merge entity $(bone_flipper4) { transformation: [-0.743144825477394f,-0.029187067116769185f,-0.6684937422888072f,-0.24076482072007702f,3.469446951953614e-18f,0.9990482215818578f,-0.043619387365336f,0.0625f,0.669130606358858f,-0.032415522011043474f,-0.7424375162709507f,-0.4725275665012879f,0f,0f,0f,1f], start_interpolation: 0, interpolation_duration: 1 }
$data merge entity $(bone_flipper5) { transformation: [0.2923717047227363f,-0.04171342758966475f,-0.955394565735143f,-0.4725275665012879f,0f,0.9990482215818578f,-0.04361938736533599f,0.0625f,0.9563047559630353f,0.012753074642964672f,0.29209343164410584f,0.24076482072007702f,0f,0f,0f,1f], start_interpolation: 0, interpolation_duration: 1 }
$data merge entity $(bone_flipper6) { transformation: [0.30901699437494806f,0f,0.9510565162951531f,0.3967736637306953f,0f,1f,0f,0.0625f,-0.9510565162951531f,0f,0.30901699437494806f,0.19463596730748675f,0f,0f,0f,1f], start_interpolation: 0, interpolation_duration: 1 }
$data merge entity $(bone_flipper7) { transformation: [-0.9510565162951532f,0f,0.30901699437494773f,0.13519493503903968f,0f,1f,0f,0.0625f,-0.30901699437494773f,0f,-0.9510565162951532f,-0.4160872258791295f,0f,0f,0f,1f], start_interpolation: 0, interpolation_duration: 1 }
$data merge entity $(bone_flipper8) { transformation: [-0.3090169943749476f,0f,-0.9510565162951533f,-0.35664619361068245f,0f,1f,0f,0.0625f,0.9510565162951533f,0f,-0.3090169943749476f,-0.11588137289060543f,0f,0f,0f,1f], start_interpolation: 0, interpolation_duration: 1 }