# This file was generated by Animated Java via MC-Build. It is not recommended to edit this file directly.
$data merge entity $(bone_core) { transformation: [0.9238795325112867f,0f,-0.3826834323650897f,0f,0f,1f,0f,0f,0.3826834323650897f,0f,0.9238795325112867f,0f,0f,0f,0f,1f], start_interpolation: 0, interpolation_duration: 1 }
$data merge entity $(bone_flipper) { transformation: [0.9238795325112867f,0f,-0.3826834323650897f,-0.2251664724416822f,0f,1f,0f,0.0625f,0.3826834323650897f,0f,0.9238795325112867f,0.38027958095086983f,0f,0f,0f,1f], start_interpolation: 0, interpolation_duration: 1 }
$data merge entity $(bone_flipper2) { transformation: [0.9238795325112867f,0.01669241687462921f,0.3823192025331843f,0.20294853755482384f,3.469446951953614e-18f,0.9990482215818578f,-0.043619387365336f,0.0625f,-0.38268343236508984f,0.04029905920751535f,0.9230002039112791f,0.48996111182864116f,0f,0f,0f,1f], start_interpolation: 0, interpolation_duration: 1 }
$data merge entity $(bone_flipper3) { transformation: [-0.5372996083468233f,0.036788218175523045f,0.8425887240367154f,0.48996111182864116f,1.734723475976807e-18f,0.9990482215818578f,-0.04361938736533599f,0.0625f,-0.8433914458128857f,-0.02343667974772341f,-0.5367882181755226f,-0.20294853755482384f,0f,0f,0f,1f], start_interpolation: 0, interpolation_duration: 1 }
$data merge entity $(bone_flipper4) { transformation: [-0.7933533402912347f,-0.026553800585006886f,-0.6081820230187931f,-0.20294853755482384f,3.469446951953614e-18f,0.9990482215818578f,-0.043619387365336f,0.0625f,0.608761429008721f,-0.0346055866677466f,-0.7925982437039846f,-0.48996111182864116f,0f,0f,0f,1f], start_interpolation: 0, interpolation_duration: 1 }
$data merge entity $(bone_flipper5) { transformation: [0.21643961393810307f,-0.0425854337177952f,-0.9753667896506382f,-0.48996111182864116f,0f,0.9990482215818578f,-0.04361938736533599f,0.0625f,0.9762960071199333f,0.009440963361569897f,0.21623361138472585f,0.20294853755482384f,0f,0f,0f,1f], start_interpolation: 0, interpolation_duration: 1 }
$data merge entity $(bone_flipper6) { transformation: [0.38268343236508995f,0f,0.9238795325112866f,0.38027958095086983f,0f,1f,0f,0.0625f,-0.9238795325112866f,0f,0.38268343236508995f,0.2251664724416822f,0f,0f,0f,1f], start_interpolation: 0, interpolation_duration: 1 }
$data merge entity $(bone_flipper7) { transformation: [-0.9238795325112867f,0f,0.3826834323650896f,0.16742400165972676f,0f,1f,0f,0.0625f,-0.3826834323650896f,0f,-0.9238795325112867f,-0.40419729547368793f,0f,0f,0f,1f], start_interpolation: 0, interpolation_duration: 1 }
$data merge entity $(bone_flipper8) { transformation: [-0.3826834323650895f,0f,-0.9238795325112868f,-0.3464548246917325f,0f,1f,0f,0.0625f,0.9238795325112868f,0f,-0.3826834323650895f,-0.14350628713690866f,0f,0f,0f,1f], start_interpolation: 0, interpolation_duration: 1 }