# This file was generated by Animated Java via MC-Build. It is not recommended to edit this file directly.
$data merge entity $(bone_core) { transformation: [0.8910065241883679f,0f,-0.45399049973954636f,0f,0f,1f,0f,0f,0.45399049973954636f,0f,0.8910065241883679f,0f,0f,0f,0f,1f], start_interpolation: 0, interpolation_duration: 1 }
$data merge entity $(bone_flipper) { transformation: [0.8910065241883679f,0f,-0.45399049973954636f,-0.25430875139782455f,0f,1f,0f,0.0625f,0.45399049973954636f,0f,0.8910065241883679f,0.36144094809868926f,0f,0f,0f,1f], start_interpolation: 0, interpolation_duration: 1 }
$data merge entity $(bone_flipper2) { transformation: [0.9510565162951532f,0.013479131980112701f,0.3087228786688626f,0.16388100916830808f,3.469446951953614e-18f,0.9990482215818578f,-0.043619387365336f,0.0625f,-0.3090169943749478f,0.04148450259060528f,0.95015132122851f,0.5043738839729679f,0f,0f,0f,1f], start_interpolation: 0, interpolation_duration: 1 }
$data merge entity $(bone_flipper3) { transformation: [-0.4694715627858907f,0.03851363307620449f,0.882107222395693f,0.5043738839729679f,1.734723475976807e-18f,0.9990482215818578f,-0.04361938736533599f,0.0625f,-0.8829475928589267f,-0.020478061954167424f,-0.4690247298844995f,-0.16388100916830808f,0f,0f,0f,1f], start_interpolation: 0, interpolation_duration: 1 }
$data merge entity $(bone_flipper4) { transformation: [-0.8386705679454234f,-0.023756821042603286f,-0.5441206593358225f,-0.16388100916830808f,3.469446951953614e-18f,0.9990482215818578f,-0.043619387365336f,0.0625f,0.5446390350150276f,-0.03658229637511777f,-0.8378723393989218f,-0.5043738839729679f,0f,0f,0f,1f], start_interpolation: 0, interpolation_duration: 1 }
$data merge entity $(bone_flipper5) { transformation: [0.13917310096006608f,-0.043194886485961724f,-0.9893255529655665f,-0.5043738839729679f,0f,0.9990482215818578f,-0.04361938736533599f,0.0625f,0.99026806874157f,0.006070645401612132f,0.13904063900618635f,0.16388100916830808f,0f,0f,0f,1f], start_interpolation: 0, interpolation_duration: 1 }
$data merge entity $(bone_flipper6) { transformation: [0.4539904997395466f,0f,0.8910065241883678f,0.36144094809868926f,0f,1f,0f,0.0625f,-0.8910065241883678f,0f,0.4539904997395466f,0.25430875139782455f,0f,0f,0f,1f], start_interpolation: 0, interpolation_duration: 1 }
$data merge entity $(bone_flipper7) { transformation: [-0.891006524188368f,0f,0.45399049973954625f,0.19862084363605154f,0f,1f,0f,0.0625f,-0.45399049973954625f,0f,-0.891006524188368f,-0.38981535433241093f,0f,0f,0f,1f], start_interpolation: 0, interpolation_duration: 1 }
$data merge entity $(bone_flipper8) { transformation: [-0.45399049973954614f,0f,-0.891006524188368f,-0.334127446570638f,0f,1f,0f,0.0625f,0.891006524188368f,0f,-0.45399049973954614f,-0.1702464374023299f,0f,0f,0f,1f], start_interpolation: 0, interpolation_duration: 1 }