# This file was generated by Animated Java via MC-Build. It is not recommended to edit this file directly.
$data merge entity $(bone_core) { transformation: [0.8526401643540921f,0f,-0.5224985647159489f,0f,0f,1f,0f,0f,0.5224985647159489f,0f,0.8526401643540921f,0f,0f,0f,0f,1f], start_interpolation: 0, interpolation_duration: 1 }
$data merge entity $(bone_flipper) { transformation: [0.8526401643540921f,0f,-0.5224985647159489f,-0.2818831323353584f,0f,1f,0f,0.0625f,0.5224985647159489f,0f,0.8526401643540921f,0.34037391161016844f,0f,0f,0f,1f], start_interpolation: 0, interpolation_duration: 1 }
$data merge entity $(bone_flipper2) { transformation: [0.9723699203976764f,0.01018274375467254f,0.23322317559677208f,0.12380309986430366f,3.469446951953614e-18f,0.9990482215818578f,-0.043619387365336f,0.0625f,-0.23344536385590536f,0.042414180220227186f,0.9714444396929913f,0.5156770234012653f,0f,0f,0f,1f], start_interpolation: 0, interpolation_duration: 1 }
$data merge entity $(bone_flipper3) { transformation: [-0.39874906892524564f,0.04000159862188857f,0.9161872363981844f,0.5156770234012653f,1.734723475976807e-18f,0.9990482215818578f,-0.04361938736533599f,0.0625f,-0.917060074385124f,-0.017393190099017353f,-0.3983695481671883f,-0.12380309986430366f,0f,0f,0f,1f], start_interpolation: 0, interpolation_duration: 1 }
$data merge entity $(bone_flipper4) { transformation: [-0.878817112661965f,-0.02081337279852736f,-0.476704610849566f,-0.12380309986430366f,3.469446951953614e-18f,0.9990482215818578f,-0.043619387365336f,0.0625f,0.4771587602596086f,-0.03833346406048839f,-0.8779806735006394f,-0.5156770234012653f,0f,0f,0f,1f], start_interpolation: 0, interpolation_duration: 1 }
$data merge entity $(bone_flipper5) { transformation: [0.06104853953485695f,-0.043538028415184976f,-0.9971847952623323f,-0.5156770234012653f,0f,0.9990482215818578f,-0.04361938736533599f,0.0625f,0.9981347984218669f,0.0026628998940589517f,0.06099043485246858f,0.12380309986430366f,0f,0f,0f,1f], start_interpolation: 0, interpolation_duration: 1 }
$data merge entity $(bone_flipper6) { transformation: [0.5224985647159491f,0f,0.852640164354092f,0.34037391161016844f,0f,1f,0f,0.0625f,-0.852640164354092f,0f,0.5224985647159491f,0.2818831323353584f,0f,0f,0f,1f], start_interpolation: 0, interpolation_duration: 1 }
$data merge entity $(bone_flipper7) { transformation: [-0.8526401643540922f,0f,0.5224985647159488f,0.22859312206322766f,0f,1f,0f,0.0625f,-0.5224985647159488f,0f,-0.8526401643540922f,-0.3730300719049153f,0f,0f,0f,1f], start_interpolation: 0, interpolation_duration: 1 }
$data merge entity $(bone_flipper8) { transformation: [-0.5224985647159487f,0f,-0.8526401643540922f,-0.3197400616327845f,0f,1f,0f,0.0625f,0.8526401643540922f,0f,-0.5224985647159487f,-0.19593696176848086f,0f,0f,0f,1f], start_interpolation: 0, interpolation_duration: 1 }