# This file was generated by Animated Java via MC-Build. It is not recommended to edit this file directly.
$data merge entity $(bone_core) { transformation: [0.8090169943749476f,0f,-0.5877852522924731f,0f,0f,1f,0f,0f,0.5877852522924731f,0f,0.8090169943749476f,0f,0f,0f,0f,1f], start_interpolation: 0, interpolation_duration: 1 }
$data merge entity $(bone_flipper) { transformation: [0.8090169943749476f,0f,-0.5877852522924731f,-0.3077196100263912f,0f,1f,0f,0.0625f,0.5877852522924731f,0f,0.8090169943749476f,0.31720835677076f,0f,0f,0f,1f], start_interpolation: 0, interpolation_duration: 1 }
$data merge entity $(bone_flipper2) { transformation: [0.9876883405951378f,0.006823575527878947f,0.15628557409255217f,0.08296190328092792f,3.469446951953614e-18f,0.9990482215818578f,-0.043619387365336f,0.0625f,-0.15643446504023106f,0.043082360324645234f,0.9867482801487086f,0.5238008425002828f,0f,0f,0f,1f], start_interpolation: 0, interpolation_duration: 1 }
$data merge entity $(bone_flipper3) { transformation: [-0.3255681544571563f,0.04124294101018733f,0.9446186514251089f,0.5238008425002828f,1.734723475976807e-18f,0.9990482215818578f,-0.04361938736533599f,0.0625f,-0.945518575599317f,-0.014201083443084241f,-0.3252582857141096f,-0.08296190328092792f,0f,0f,0f,1f], start_interpolation: 0, interpolation_duration: 1 }
$data merge entity $(bone_flipper4) { transformation: [-0.9135454576426008f,-0.017741603189999754f,-0.40634951991705354f,-0.08296190328092792f,3.469446951953614e-18f,0.9990482215818578f,-0.043619387365336f,0.0625f,0.40673664307580076f,-0.03984829319275576f,-0.9126759647920246f,-0.5238008425002828f,0f,0f,0f,1f], start_interpolation: 0, interpolation_duration: 1 }
$data merge entity $(bone_flipper5) { transformation: [-0.01745240643728324f,-0.04361274392136502f,-0.9988960616987123f,-0.5238008425002828f,0f,0.9990482215818578f,-0.04361938736533599f,0.0625f,0.9998476951563914f,-0.0007612632768451422f,-0.017435795613491567f,0.08296190328092792f,0f,0f,0f,1f], start_interpolation: 0, interpolation_duration: 1 }
$data merge entity $(bone_flipper6) { transformation: [0.5877852522924734f,0f,0.8090169943749475f,0.31720835677076f,0f,1f,0f,0.0625f,-0.8090169943749475f,0f,0.5877852522924734f,0.3077196100263912f,0f,0f,0f,1f], start_interpolation: 0, interpolation_duration: 1 }
$data merge entity $(bone_flipper7) { transformation: [-0.8090169943749477f,0f,0.587785252292473f,0.257156047877957f,0f,1f,0f,0.0625f,-0.587785252292473f,0f,-0.8090169943749477f,-0.35394493503903957f,0f,0f,0f,1f], start_interpolation: 0, interpolation_duration: 1 }
$data merge entity $(bone_flipper8) { transformation: [-0.5877852522924729f,0f,-0.8090169943749477f,-0.30338137289060535f,0f,1f,0f,0.0625f,0.8090169943749477f,0f,-0.5877852522924729f,-0.22041946960967743f,0f,0f,0f,1f], start_interpolation: 0, interpolation_duration: 1 }