# This file was generated by Animated Java via MC-Build. It is not recommended to edit this file directly.
$data merge entity $(bone_core) { transformation: [0.7604059656000305f,0f,-0.649448048330184f,0f,0f,1f,0f,0f,0.649448048330184f,0f,0.7604059656000305f,0f,0f,0f,0f,1f], start_interpolation: 0, interpolation_duration: 1 }
$data merge entity $(bone_flipper) { transformation: [0.7604059656000305f,0f,-0.649448048330184f,-0.3316588939944574f,0f,1f,0f,0.0625f,0.649448048330184f,0f,0.7604059656000305f,0.29208710692937684f,0f,0f,0f,1f], start_interpolation: 0, interpolation_duration: 1 }
$data merge entity $(bone_flipper2) { transformation: [0.9969173337331279f,0.0034223376888868236f,0.07838442005382384f,0.04160921897619241f,3.469446951953614e-18f,0.9990482215818578f,-0.043619387365336f,0.0625f,-0.07845909572784449f,0.04348492335132326f,0.9959684893302088f,0.5286952552238304f,0f,0f,0f,1f], start_interpolation: 0, interpolation_duration: 1 }
$data merge entity $(bone_flipper3) { transformation: [-0.25038000405444044f,0.04223000695248869f,0.9672261783484206f,0.5286952552238304f,1.734723475976807e-18f,0.9990482215818578f,-0.04361938736533599f,0.0625f,-0.9681476403781077f,-0.010921422385385033f,-0.250141697770247f,-0.04160921897619241f,0f,0f,0f,1f], start_interpolation: 0, interpolation_duration: 1 }
$data merge entity $(bone_flipper4) { transformation: [-0.9426414910921783f,-0.014560450698124028f,-0.3334891490693242f,-0.04160921897619241f,3.469446951953614e-18f,0.9990482215818578f,-0.043619387365336f,0.0625f,0.33380685923377074f,-0.04111744434658766f,-0.9417443052649113f,-0.5286952552238304f,0f,0f,0f,1f], start_interpolation: 0, interpolation_duration: 1 }
$data merge entity $(bone_flipper5) { transformation: [-0.09584575252022437f,-0.043418572358560795f,-0.9944488017480719f,-0.5286952552238304f,0f,0.9990482215818578f,-0.04361938736533599f,0.0625f,0.9953961983671786f,-0.004180733006501795f,-0.0957545286015049f,0.04160921897619241f,0f,0f,0f,1f], start_interpolation: 0, interpolation_duration: 1 }
$data merge entity $(bone_flipper6) { transformation: [0.6494480483301842f,0f,0.7604059656000304f,0.29208710692937684f,0f,1f,0f,0.0625f,-0.7604059656000304f,0f,0.6494480483301842f,0.3316588939944574f,0f,0f,0f,1f], start_interpolation: 0, interpolation_duration: 1 }
$data merge entity $(bone_flipper7) { transformation: [-0.7604059656000306f,0f,0.6494480483301839f,0.2841335211444555f,0f,1f,0f,0.0625f,-0.6494480483301839f,0f,-0.7604059656000306f,-0.33267760995001333f,0f,0f,0f,1f], start_interpolation: 0, interpolation_duration: 1 }
$data merge entity $(bone_flipper8) { transformation: [-0.6494480483301838f,0f,-0.7604059656000306f,-0.2851522371000114f,0f,1f,0f,0.0625f,0.7604059656000306f,0f,-0.6494480483301838f,-0.243543018123819f,0f,0f,0f,1f], start_interpolation: 0, interpolation_duration: 1 }