# This file was generated by Animated Java via MC-Build. It is not recommended to edit this file directly.
$data merge entity $(bone_core) { transformation: [-0.9238795325112867f,0f,0.38268343236508984f,0f,0f,1f,0f,0f,-0.38268343236508984f,0f,-0.9238795325112867f,0f,0f,0f,0f,1f], start_interpolation: 0, interpolation_duration: 1 }
$data merge entity $(bone_flipper) { transformation: [-0.9238795325112867f,0f,0.38268343236508984f,0.22516647244168225f,0f,1f,0f,0.0625f,-0.38268343236508984f,0f,-0.9238795325112867f,-0.38027958095086983f,0f,0f,0f,1f], start_interpolation: 0, interpolation_duration: 1 }
$data merge entity $(bone_flipper2) { transformation: [-0.9238795325112867f,-0.016692416874629207f,-0.3823192025331842f,-0.2029485375548238f,3.469446951953614e-18f,0.9990482215818578f,-0.043619387365336f,0.0625f,0.3826834323650898f,-0.04029905920751535f,-0.9230002039112792f,-0.4899611118286412f,0f,0f,0f,1f], start_interpolation: 0, interpolation_duration: 1 }
$data merge entity $(bone_flipper3) { transformation: [0.5372996083468233f,-0.03678821817552305f,-0.8425887240367155f,-0.4899611118286412f,1.734723475976807e-18f,0.9990482215818578f,-0.04361938736533599f,0.0625f,0.8433914458128858f,0.023436679747723406f,0.5367882181755226f,0.2029485375548238f,0f,0f,0f,1f], start_interpolation: 0, interpolation_duration: 1 }
$data merge entity $(bone_flipper4) { transformation: [0.7933533402912349f,0.026553800585006886f,0.608182023018793f,0.2029485375548238f,3.469446951953614e-18f,0.9990482215818578f,-0.043619387365336f,0.0625f,-0.6087614290087209f,0.03460558666774661f,0.7925982437039847f,0.4899611118286412f,0f,0f,0f,1f], start_interpolation: 0, interpolation_duration: 1 }
$data merge entity $(bone_flipper5) { transformation: [-0.21643961393810296f,0.042585433717795204f,0.9753667896506382f,0.4899611118286412f,0f,0.9990482215818578f,-0.04361938736533599f,0.0625f,-0.9762960071199334f,-0.009440963361569892f,-0.21623361138472574f,-0.2029485375548238f,0f,0f,0f,1f], start_interpolation: 0, interpolation_duration: 1 }
$data merge entity $(bone_flipper6) { transformation: [-0.38268343236509006f,0f,-0.9238795325112866f,-0.38027958095086983f,0f,1f,0f,0.0625f,0.9238795325112866f,0f,-0.38268343236509006f,-0.22516647244168225f,0f,0f,0f,1f], start_interpolation: 0, interpolation_duration: 1 }
$data merge entity $(bone_flipper7) { transformation: [0.9238795325112867f,0f,-0.3826834323650897f,-0.16742400165972682f,0f,1f,0f,0.0625f,0.3826834323650897f,0f,0.9238795325112867f,0.40419729547368793f,0f,0f,0f,1f], start_interpolation: 0, interpolation_duration: 1 }
$data merge entity $(bone_flipper8) { transformation: [0.3826834323650896f,0f,0.9238795325112868f,0.3464548246917325f,0f,1f,0f,0.0625f,-0.9238795325112868f,0f,0.3826834323650896f,0.1435062871369087f,0f,0f,0f,1f], start_interpolation: 0, interpolation_duration: 1 }