# This file was generated by Animated Java via MC-Build. It is not recommended to edit this file directly.
$data merge entity $(bone_core) { transformation: [0.7071067811865474f,0f,-0.7071067811865476f,0f,0f,1f,0f,0f,0.7071067811865476f,0f,0.7071067811865474f,0f,0f,0f,0f,1f], start_interpolation: 0, interpolation_duration: 1 }
$data merge entity $(bone_flipper) { transformation: [0.7071067811865474f,0f,-0.7071067811865476f,-0.35355339059327373f,0f,1f,0f,0.0625f,0.7071067811865476f,0f,0.7071067811865474f,0.26516504294495524f,0f,0f,0f,1f], start_interpolation: 0, interpolation_duration: 1 }
$data merge entity $(bone_flipper2) { transformation: [1f,-6.938893903907228e-18f,0f,-1.1102230246251565e-16f,3.469446951953614e-18f,0.9990482215818578f,-0.043619387365336f,0.0625f,1.1102230246251565e-16f,0.043619387365336f,0.9990482215818577f,0.5303300858899106f,0f,0f,0f,1f], start_interpolation: 0, interpolation_duration: 1 }
$data merge entity $(bone_flipper3) { transformation: [-0.1736481776669298f,0.04295671085902564f,0.9838704342468718f,0.5303300858899106f,1.734723475976807e-18f,0.9990482215818578f,-0.04361938736533599f,0.0625f,-0.9848077530122079f,-0.007574427126938496f,-0.1734829030790766f,1.1102230246251565e-16f,0f,0f,0f,1f], start_interpolation: 0, interpolation_duration: 1 }
$data merge entity $(bone_flipper4) { transformation: [-0.965925826289068f,-0.011289528185853229f,-0.25857270672118815f,1.1102230246251565e-16f,3.469446951953614e-18f,0.9990482215818578f,-0.043619387365336f,0.0625f,0.258819045102521f,-0.042133092783085115f,-0.96500647893408f,-0.5303300858899106f,0f,0f,0f,1f], start_interpolation: 0, interpolation_duration: 1 }
$data merge entity $(bone_flipper5) { transformation: [-0.17364817766693036f,-0.04295671085902564f,-0.9838704342468719f,-0.5303300858899106f,0f,0.9990482215818578f,-0.04361938736533599f,0.0625f,0.984807753012208f,-0.00757442712693852f,-0.17348290307907716f,-1.1102230246251565e-16f,0f,0f,0f,1f], start_interpolation: 0, interpolation_duration: 1 }
$data merge entity $(bone_flipper6) { transformation: [0.7071067811865477f,0f,0.7071067811865472f,0.26516504294495524f,0f,1f,0f,0.0625f,-0.7071067811865472f,0f,0.7071067811865477f,0.35355339059327373f,0f,0f,0f,1f], start_interpolation: 0, interpolation_duration: 1 }
$data merge entity $(bone_flipper7) { transformation: [-0.7071067811865475f,0f,0.7071067811865475f,0.30935921676911454f,0f,1f,0f,0.0625f,-0.7071067811865475f,0f,-0.7071067811865475f,-0.3093592167691145f,0f,0f,0f,1f], start_interpolation: 0, interpolation_duration: 1 }
$data merge entity $(bone_flipper8) { transformation: [-0.7071067811865475f,0f,-0.7071067811865475f,-0.26516504294495524f,0f,1f,0f,0.0625f,0.7071067811865475f,0f,-0.7071067811865475f,-0.26516504294495535f,0f,0f,0f,1f], start_interpolation: 0, interpolation_duration: 1 }