# This file was generated by Animated Java via MC-Build. It is not recommended to edit this file directly.
$data merge entity $(bone_core) { transformation: [0.6494480483301842f,0f,-0.7604059656000307f,0f,0f,1f,0f,0f,0.7604059656000307f,0f,0.6494480483301842f,0f,0f,0f,0f,1f], start_interpolation: 0, interpolation_duration: 1 }
$data merge entity $(bone_flipper) { transformation: [0.6494480483301842f,0f,-0.7604059656000307f,-0.37326811297064993f,0f,1f,0f,0.0625f,0.7604059656000307f,0f,0.6494480483301842f,0.2366081482944537f,0f,0f,0f,1f], start_interpolation: 0, interpolation_duration: 1 }
$data merge entity $(bone_flipper2) { transformation: [0.9969173337331282f,-0.0034223376888868236f,-0.07838442005382357f,-0.041609218976192464f,3.469446951953614e-18f,0.9990482215818578f,-0.043619387365336f,0.0625f,0.07845909572784426f,0.04348492335132327f,0.9959684893302092f,0.5286952552238307f,0f,0f,0f,1f], start_interpolation: 0, interpolation_duration: 1 }
$data merge entity $(bone_flipper3) { transformation: [-0.09584575252022415f,0.0434185723585608f,0.9944488017480722f,0.5286952552238307f,1.734723475976807e-18f,0.9990482215818578f,-0.04361938736533599f,0.0625f,-0.9953961983671789f,-0.004180733006501784f,-0.0957545286015048f,0.041609218976192464f,0f,0f,0f,1f], start_interpolation: 0, interpolation_duration: 1 }
$data merge entity $(bone_flipper4) { transformation: [-0.9832549075639545f,-0.007949001978167582f,-0.1820620776519662f,0.041609218976192464f,3.469446951953614e-18f,0.9990482215818578f,-0.043619387365336f,0.0625f,0.18223552549214855f,-0.04288897669189978f,-0.9823190667634027f,-0.5286952552238307f,0f,0f,0f,1f], start_interpolation: 0, interpolation_duration: 1 }
$data merge entity $(bone_flipper5) { transformation: [-0.2503800040544407f,-0.04223000695248871f,-0.967226178348421f,-0.5286952552238307f,0f,0.9990482215818578f,-0.04361938736533599f,0.0625f,0.9681476403781082f,-0.010921422385385047f,-0.25014169777024736f,-0.041609218976192464f,0f,0f,0f,1f], start_interpolation: 0, interpolation_duration: 1 }
$data merge entity $(bone_flipper6) { transformation: [0.7604059656000308f,0f,0.649448048330184f,0.2366081482944537f,0f,1f,0f,0.0625f,-0.649448048330184f,0f,0.7604059656000308f,0.37326811297064993f,0f,0f,0f,1f], start_interpolation: 0, interpolation_duration: 1 }
$data merge entity $(bone_flipper7) { transformation: [-0.6494480483301843f,0f,0.7604059656000306f,0.33267760995001344f,0f,1f,0f,0.0625f,-0.7604059656000306f,0f,-0.6494480483301843f,-0.2841335211444556f,0f,0f,0f,1f], start_interpolation: 0, interpolation_duration: 1 }
$data merge entity $(bone_flipper8) { transformation: [-0.7604059656000306f,0f,-0.6494480483301844f,-0.24354301812381907f,0f,1f,0f,0.0625f,0.6494480483301844f,0f,-0.7604059656000306f,-0.28515223710001153f,0f,0f,0f,1f], start_interpolation: 0, interpolation_duration: 1 }