# This file was generated by Animated Java via MC-Build. It is not recommended to edit this file directly.
$data merge entity $(bone_core) { transformation: [0.5877852522924732f,0f,-0.8090169943749473f,0f,0f,1f,0f,0f,0.8090169943749473f,0f,0.5877852522924732f,0f,0f,0f,0f,1f], start_interpolation: 0, interpolation_duration: 1 }
$data merge entity $(bone_flipper) { transformation: [0.5877852522924732f,0f,-0.8090169943749473f,-0.39068151330731904f,0f,1f,0f,0.0625f,0.8090169943749473f,0f,0.5877852522924732f,0.20659248572952282f,0f,0f,0f,1f], start_interpolation: 0, interpolation_duration: 1 }
$data merge entity $(bone_flipper2) { transformation: [0.9876883405951378f,-0.006823575527878937f,-0.15628557409255162f,-0.08296190328092778f,3.469446951953614e-18f,0.9990482215818578f,-0.043619387365336f,0.0625f,0.15643446504023062f,0.04308236032464523f,0.9867482801487086f,0.5238008425002827f,0f,0f,0f,1f], start_interpolation: 0, interpolation_duration: 1 }
$data merge entity $(bone_flipper3) { transformation: [-0.01745240643728324f,0.043612743921365f,0.9988960616987121f,0.5238008425002827f,1.734723475976807e-18f,0.9990482215818578f,-0.04361938736533599f,0.0625f,-0.9998476951563912f,-0.0007612632768451422f,-0.017435795613491567f,0.08296190328092778f,0f,0f,0f,1f], start_interpolation: 0, interpolation_duration: 1 }
$data merge entity $(bone_flipper4) { transformation: [-0.9945218953682732f,-0.004559467529975093f,-0.10442897533223428f,0.08296190328092778f,3.469446951953614e-18f,0.9990482215818578f,-0.043619387365336f,0.0625f,0.10452846326765403f,-0.043380435797376875f,-0.9935753308918918f,-0.5238008425002827f,0f,0f,0f,1f], start_interpolation: 0, interpolation_duration: 1 }
$data merge entity $(bone_flipper5) { transformation: [-0.3255681544571563f,-0.041242941010187335f,-0.9446186514251089f,-0.5238008425002827f,0f,0.9990482215818578f,-0.04361938736533599f,0.0625f,0.945518575599317f,-0.014201083443084244f,-0.3252582857141096f,-0.08296190328092778f,0f,0f,0f,1f], start_interpolation: 0, interpolation_duration: 1 }
$data merge entity $(bone_flipper6) { transformation: [0.8090169943749475f,0f,0.587785252292473f,0.20659248572952282f,0f,1f,0f,0.0625f,-0.587785252292473f,0f,0.8090169943749475f,0.39068151330731904f,0f,0f,0f,1f], start_interpolation: 0, interpolation_duration: 1 }
$data merge entity $(bone_flipper7) { transformation: [-0.5877852522924734f,0f,0.8090169943749472f,0.35394493503903945f,0f,1f,0f,0.0625f,-0.8090169943749472f,0f,-0.5877852522924734f,-0.25715604787795704f,0f,0f,0f,1f], start_interpolation: 0, interpolation_duration: 1 }
$data merge entity $(bone_flipper8) { transformation: [-0.8090169943749472f,0f,-0.5877852522924735f,-0.22041946960967745f,0f,1f,0f,0.0625f,0.5877852522924735f,0f,-0.8090169943749472f,-0.30338137289060524f,0f,0f,0f,1f], start_interpolation: 0, interpolation_duration: 1 }