# This file was generated by Animated Java via MC-Build. It is not recommended to edit this file directly.
$data merge entity $(bone_core) { transformation: [0.5224985647159494f,0f,-0.8526401643540921f,0f,0f,1f,0f,0f,0.8526401643540921f,0f,0.5224985647159494f,0f,0f,0f,0f,1f], start_interpolation: 0, interpolation_duration: 1 }
$data merge entity $(bone_flipper) { transformation: [0.5224985647159494f,0f,-0.8526401643540921f,-0.4056862321996621f,0f,1f,0f,0.0625f,0.8526401643540921f,0f,0.5224985647159494f,0.1753031117910971f,0f,0f,0f,1f], start_interpolation: 0, interpolation_duration: 1 }
$data merge entity $(bone_flipper2) { transformation: [0.9723699203976768f,-0.010182743754672527f,-0.23322317559677141f,-0.12380309986430349f,3.469446951953614e-18f,0.9990482215818578f,-0.043619387365336f,0.0625f,0.23344536385590486f,0.0424141802202272f,0.9714444396929918f,0.5156770234012655f,0f,0f,0f,1f], start_interpolation: 0, interpolation_duration: 1 }
$data merge entity $(bone_flipper3) { transformation: [0.06104853953485684f,0.043538028415184976f,0.9971847952623323f,0.5156770234012655f,1.734723475976807e-18f,0.9990482215818578f,-0.04361938736533599f,0.0625f,-0.998134798421867f,0.0026628998940589482f,0.06099043485246847f,0.12380309986430349f,0f,0f,0f,1f], start_interpolation: 0, interpolation_duration: 1 }
$data merge entity $(bone_flipper4) { transformation: [-0.9996573249755574f,-0.0011418224482835325f,-0.026152033653421836f,0.12380309986430349f,3.469446951953614e-18f,0.9990482215818578f,-0.043619387365336f,0.0625f,0.02617694830787415f,-0.04360444009070441f,-0.9987058727081077f,-0.5156770234012655f,0f,0f,0f,1f], start_interpolation: 0, interpolation_duration: 1 }
$data merge entity $(bone_flipper5) { transformation: [-0.3987490689252456f,-0.04000159862188858f,-0.9161872363981848f,-0.5156770234012655f,0f,0.9990482215818578f,-0.04361938736533599f,0.0625f,0.9170600743851245f,-0.017393190099017353f,-0.3983695481671883f,-0.12380309986430349f,0f,0f,0f,1f], start_interpolation: 0, interpolation_duration: 1 }
$data merge entity $(bone_flipper6) { transformation: [0.8526401643540922f,0f,0.5224985647159491f,0.1753031117910971f,0f,1f,0f,0.0625f,-0.5224985647159491f,0f,0.8526401643540922f,0.4056862321996621f,0f,0f,0f,1f], start_interpolation: 0, interpolation_duration: 1 }
$data merge entity $(bone_flipper7) { transformation: [-0.5224985647159495f,0f,0.852640164354092f,0.3730300719049153f,0f,1f,0f,0.0625f,-0.852640164354092f,0f,-0.5224985647159495f,-0.22859312206322785f,0f,0f,0f,1f], start_interpolation: 0, interpolation_duration: 1 }
$data merge entity $(bone_flipper8) { transformation: [-0.852640164354092f,0f,-0.5224985647159496f,-0.19593696176848102f,0f,1f,0f,0.0625f,0.5224985647159496f,0f,-0.852640164354092f,-0.3197400616327845f,0f,0f,0f,1f], start_interpolation: 0, interpolation_duration: 1 }