# This file was generated by Animated Java via MC-Build. It is not recommended to edit this file directly.
$data merge entity $(bone_core) { transformation: [0.3826834323650904f,0f,-0.9238795325112865f,0f,0f,1f,0f,0f,0.9238795325112865f,0f,0.3826834323650904f,0f,0f,0f,0f,1f], start_interpolation: 0, interpolation_duration: 1 }
$data merge entity $(bone_flipper) { transformation: [0.3826834323650904f,0f,-0.9238795325112865f,-0.42811500999650604f,0f,1f,0f,0.0625f,0.9238795325112865f,0f,0.3826834323650904f,0.10968153087777163f,0f,0f,0f,1f], start_interpolation: 0, interpolation_duration: 1 }
$data merge entity $(bone_flipper2) { transformation: [0.9238795325112871f,-0.016692416874629183f,-0.3823192025331833f,-0.20294853755482356f,3.469446951953614e-18f,0.9990482215818578f,-0.043619387365336f,0.0625f,0.3826834323650891f,0.040299059207515364f,0.9230002039112795f,0.4899611118286413f,0f,0f,0f,1f], start_interpolation: 0, interpolation_duration: 1 }
$data merge entity $(bone_flipper3) { transformation: [0.21643961393810263f,0.042585433717795204f,0.9753667896506382f,0.4899611118286413f,1.734723475976807e-18f,0.9990482215818578f,-0.04361938736533599f,0.0625f,-0.9762960071199334f,0.009440963361569875f,0.2162336113847253f,0.20294853755482356f,0f,0f,0f,1f], start_interpolation: 0, interpolation_duration: 1 }
$data merge entity $(bone_flipper4) { transformation: [-0.9914448613738105f,0.005693472539768695f,0.13040196020729317f,0.20294853755482356f,3.469446951953614e-18f,0.9990482215818578f,-0.043619387365336f,0.0625f,-0.13052619222005046f,-0.0432462174596361f,-0.990501225551977f,-0.4899611118286413f,0f,0f,0f,1f], start_interpolation: 0, interpolation_duration: 1 }
$data merge entity $(bone_flipper5) { transformation: [-0.5372996083468231f,-0.036788218175523066f,-0.8425887240367157f,-0.4899611118286413f,0f,0.9990482215818578f,-0.04361938736533599f,0.0625f,0.8433914458128862f,-0.023436679747723396f,-0.5367882181755224f,-0.20294853755482356f,0f,0f,0f,1f], start_interpolation: 0, interpolation_duration: 1 }
$data merge entity $(bone_flipper6) { transformation: [0.9238795325112866f,0f,0.38268343236509017f,0.10968153087777163f,0f,1f,0f,0.0625f,-0.38268343236509017f,0f,0.9238795325112866f,0.42811500999650604f,0f,0f,0f,1f], start_interpolation: 0, interpolation_duration: 1 }
$data merge entity $(bone_flipper7) { transformation: [-0.3826834323650905f,0f,0.9238795325112865f,0.4041972954736879f,0f,1f,0f,0.0625f,-0.9238795325112865f,0f,-0.3826834323650905f,-0.16742400165972704f,0f,0f,0f,1f], start_interpolation: 0, interpolation_duration: 1 }
$data merge entity $(bone_flipper8) { transformation: [-0.9238795325112864f,0f,-0.3826834323650906f,-0.14350628713690888f,0f,1f,0f,0.0625f,0.3826834323650906f,0f,-0.9238795325112864f,-0.34645482469173244f,0f,0f,0f,1f], start_interpolation: 0, interpolation_duration: 1 }