# This file was generated by Animated Java via MC-Build. It is not recommended to edit this file directly.
$data merge entity $(bone_core) { transformation: [0.30901699437494845f,0f,-0.9510565162951533f,0f,0f,1f,0f,0f,0.9510565162951533f,0f,0.30901699437494845f,0f,0f,0f,0f,1f], start_interpolation: 0, interpolation_duration: 1 }
$data merge entity $(bone_flipper) { transformation: [0.30901699437494845f,0f,-0.9510565162951533f,-0.4354007880275638f,0f,1f,0f,0.0625f,0.9510565162951533f,0f,0.30901699437494845f,0.07575390277059288f,0f,0f,0f,1f], start_interpolation: 0, interpolation_duration: 1 }
$data merge entity $(bone_flipper2) { transformation: [0.8910065241883685f,-0.019802787468321724f,-0.45355840137985204f,-0.24076482072007682f,3.469446951953614e-18f,0.9990482215818578f,-0.043619387365336f,0.0625f,0.45399049973954575f,0.03886515872361406f,0.8901584834082221f,0.4725275665012882f,0f,0f,0f,1f], start_interpolation: 0, interpolation_duration: 1 }
$data merge entity $(bone_flipper3) { transformation: [0.2923717047227361f,0.04171342758966476f,0.9553945657351433f,0.4725275665012882f,1.734723475976807e-18f,0.9990482215818578f,-0.04361938736533599f,0.0625f,-0.9563047559630357f,0.012753074642964662f,0.2920934316441056f,0.24076482072007682f,0f,0f,0f,1f], start_interpolation: 0, interpolation_duration: 1 }
$data merge entity $(bone_flipper4) { transformation: [-0.9781476007338059f,0.00906898057956176f,0.2077138049575581f,0.24076482072007682f,3.469446951953614e-18f,0.9990482215818578f,-0.043619387365336f,0.0625f,-0.20791169081775784f,-0.04266619909688191f,-0.9772166209576699f,-0.4725275665012882f,0f,0f,0f,1f], start_interpolation: 0, interpolation_duration: 1 }
$data merge entity $(bone_flipper5) { transformation: [-0.6018150231520474f,-0.03483599167646559f,-0.7978753860048686f,-0.4725275665012882f,0f,0.9990482215818578f,-0.04361938736533599f,0.0625f,0.7986355100472937f,-0.026250802617147802f,-0.6012422286012974f,-0.24076482072007682f,0f,0f,0f,1f], start_interpolation: 0, interpolation_duration: 1 }
$data merge entity $(bone_flipper6) { transformation: [0.9510565162951534f,0f,0.30901699437494823f,0.07575390277059288f,0f,1f,0f,0.0625f,-0.30901699437494823f,0f,0.9510565162951534f,0.4354007880275638f,0f,0f,0f,1f], start_interpolation: 0, interpolation_duration: 1 }
$data merge entity $(bone_flipper7) { transformation: [-0.30901699437494856f,0f,0.9510565162951533f,0.41608722587912955f,0f,1f,0f,0.0625f,-0.9510565162951533f,0f,-0.30901699437494856f,-0.13519493503903995f,0f,0f,0f,1f], start_interpolation: 0, interpolation_duration: 1 }
$data merge entity $(bone_flipper8) { transformation: [-0.9510565162951532f,0f,-0.3090169943749487f,-0.11588137289060567f,0f,1f,0f,0.0625f,0.3090169943749487f,0f,-0.9510565162951532f,-0.3566461936106825f,0f,0f,0f,1f], start_interpolation: 0, interpolation_duration: 1 }