# This file was generated by Animated Java via MC-Build. It is not recommended to edit this file directly.
$data merge entity $(bone_core) { transformation: [0.23344536385590497f,0f,-0.9723699203976767f,0f,0f,1f,0f,0f,0.9723699203976767f,0f,0.23344536385590497f,0f,0f,0f,0f,1f], start_interpolation: 0, interpolation_duration: 1 }
$data merge entity $(bone_flipper) { transformation: [0.23344536385590497f,0f,-0.9723699203976767f,-0.4400021754149776f,0f,1f,0f,0.0625f,0.9723699203976767f,0f,0.23344536385590497f,0.04135922666210363f,0f,0f,0f,1f], start_interpolation: 0, interpolation_duration: 1 }
$data merge entity $(bone_flipper2) { transformation: [0.852640164354092f,-0.022791067292177072f,-0.5220012618585422f,-0.2770967087031644f,3.469446951953614e-18f,0.9990482215818578f,-0.043619387365336f,0.0625f,0.5224985647159491f,0.03719164161220489f,0.8518286398472187f,0.4521807315950931f,0f,0f,0f,1f], start_interpolation: 0, interpolation_duration: 1 }
$data merge entity $(bone_flipper3) { transformation: [0.366501226724298f,0.04058424430932175f,0.9295320166209584f,0.4521807315950931f,1.734723475976807e-18f,0.9990482215818578f,-0.04361938736533599f,0.0625f,-0.9304175679820241f,0.015986558978357986f,0.3661523987664792f,0.2770967087031644f,0f,0f,0f,1f], start_interpolation: 0, interpolation_duration: 1 }
$data merge entity $(bone_flipper4) { transformation: [-0.958819734868193f,0.012388575338339838f,0.2837450250284122f,0.2770967087031644f,3.469446951953614e-18f,0.9990482215818578f,-0.043619387365336f,0.0625f,-0.28401534470392253f,-0.04182312942874448f,-0.9579071509376565f,-0.4521807315950931f,0f,0f,0f,1f], start_interpolation: 0, interpolation_duration: 1 }
$data merge entity $(bone_flipper5) { transformation: [-0.6626200482157376f,-0.032668989704579904f,-0.7482428808978109f,-0.4521807315950931f,0f,0.9990482215818578f,-0.04361938736533599f,0.0625f,0.748955720789002f,-0.02890308055915988f,-0.6619893807544175f,-0.2770967087031644f,0f,0f,0f,1f], start_interpolation: 0, interpolation_duration: 1 }
$data merge entity $(bone_flipper6) { transformation: [0.9723699203976767f,0f,0.23344536385590475f,0.04135922666210363f,0f,1f,0f,0.0625f,-0.23344536385590475f,0f,0.9723699203976767f,0.4400021754149776f,0f,0f,0f,1f], start_interpolation: 0, interpolation_duration: 1 }
$data merge entity $(bone_flipper7) { transformation: [-0.23344536385590509f,0f,0.9723699203976767f,0.42541184017398354f,0f,1f,0f,0.0625f,-0.9723699203976767f,0f,-0.23344536385590509f,-0.10213234668695842f,0f,0f,0f,1f], start_interpolation: 0, interpolation_duration: 1 }
$data merge entity $(bone_flipper8) { transformation: [-0.9723699203976767f,0f,-0.2334453638559052f,-0.08754201144596437f,0f,1f,0f,0.0625f,0.2334453638559052f,0f,-0.9723699203976767f,-0.36463872014912874f,0f,0f,0f,1f], start_interpolation: 0, interpolation_duration: 1 }