# This file was generated by Animated Java via MC-Build. It is not recommended to edit this file directly.
$data merge entity $(bone_core) { transformation: [0.15643446504023106f,0f,-0.9876883405951377f,0f,0f,1f,0f,0f,0.9876883405951377f,0f,0.15643446504023106f,0f,0f,0f,0f,1f], start_interpolation: 0, interpolation_duration: 1 }
$data merge entity $(bone_flipper) { transformation: [0.15643446504023106f,0f,-0.9876883405951377f,-0.4418908030753872f,0f,1f,0f,0.0625f,0.9876883405951377f,0f,0.15643446504023106f,0.0067095571679049795f,0f,0f,0f,1f], start_interpolation: 0, interpolation_duration: 1 }
$data merge entity $(bone_flipper2) { transformation: [0.8090169943749476f,-0.025638832607377128f,-0.5872258109748386f,-0.31172020333309f,3.469446951953614e-18f,0.9990482215818578f,-0.043619387365336f,0.0625f,0.5877852522924729f,0.035288825662780694f,0.8082469894597913f,0.42904605211326324f,0f,0f,0f,1f], start_interpolation: 0, interpolation_duration: 1 }
$data merge entity $(bone_flipper3) { transformation: [0.4383711467890775f,0.03920484566718109f,0.8979385935235445f,0.42904605211326324f,1.734723475976807e-18f,0.9990482215818578f,-0.04361938736533599f,0.0625f,-0.8987940462991668f,0.019121480861579342f,0.4379539145924275f,0.31172020333309f,0f,0f,0f,1f], start_interpolation: 0, interpolation_duration: 1 }
$data merge entity $(bone_flipper4) { transformation: [-0.9335804264972019f,0.015631790410537617f,0.3580268626651686f,0.31172020333309f,3.469446951953614e-18f,0.9990482215818578f,-0.043619387365336f,0.0625f,-0.3583679495452996f,-0.04072220626007705f,-0.9326918647956618f,-0.42904605211326324f,0f,0f,0f,1f], start_interpolation: 0, interpolation_duration: 1 }
$data merge entity $(bone_flipper5) { transformation: [-0.7193398003386509f,-0.030300572547624093f,-0.6939972096140128f,-0.42904605211326324f,0f,0.9990482215818578f,-0.04361938736533599f,0.0625f,0.6946583704589975f,-0.031377161398275066f,-0.7186551482413778f,-0.31172020333309f,0f,0f,0f,1f], start_interpolation: 0, interpolation_duration: 1 }
$data merge entity $(bone_flipper6) { transformation: [0.9876883405951377f,0f,0.15643446504023084f,0.0067095571679049795f,0f,1f,0f,0.0625f,-0.15643446504023084f,0f,0.9876883405951377f,0.4418908030753872f,0f,0f,0f,1f], start_interpolation: 0, interpolation_duration: 1 }
$data merge entity $(bone_flipper7) { transformation: [-0.15643446504023117f,0f,0.9876883405951377f,0.43211364901037275f,0f,1f,0f,0.0625f,-0.9876883405951377f,0f,-0.15643446504023117f,-0.06844007845510108f,0f,0f,0f,1f], start_interpolation: 0, interpolation_duration: 1 }
$data merge entity $(bone_flipper8) { transformation: [-0.9876883405951377f,0f,-0.15643446504023129f,-0.05866292439008665f,0f,1f,0f,0.0625f,0.15643446504023129f,0f,-0.9876883405951377f,-0.3703831277231766f,0f,0f,0f,1f], start_interpolation: 0, interpolation_duration: 1 }