# This file was generated by Animated Java via MC-Build. It is not recommended to edit this file directly.
$data merge entity $(bone_core) { transformation: [0.07845909572784447f,0f,-0.996917333733128f,0f,0f,1f,0f,0f,0.996917333733128f,0f,0.07845909572784447f,0f,0f,0f,0f,1f], start_interpolation: 0, interpolation_duration: 1 }
$data merge entity $(bone_flipper) { transformation: [0.07845909572784447f,0f,-0.996917333733128f,-0.4410550269912338f,0f,1f,0f,0.0625f,0.996917333733128f,0f,0.07845909572784447f,-0.027981478977388542f,0f,0f,0f,1f], start_interpolation: 0, interpolation_duration: 1 }
$data merge entity $(bone_flipper2) { transformation: [0.7604059656000306f,-0.028328525993775753f,-0.6488299176940786f,-0.3444218392519813f,3.469446951953614e-18f,0.9990482215818578f,-0.043619387365336f,0.0625f,0.6494480483301839f,0.0331684423684201f,0.759682227612946f,0.40326616104786467f,0f,0f,0f,1f], start_interpolation: 0, interpolation_duration: 1 }
$data merge entity $(bone_flipper3) { transformation: [0.5075383629607049f,0.037583736114568125f,0.8608090804021749f,0.40326616104786467f,1.734723475976807e-18f,0.9990482215818578f,-0.04361938736533599f,0.0625f,-0.8616291604415253f,0.022138512456751486f,0.5070552989004597f,0.3444218392519813f,0f,0f,0f,1f], start_interpolation: 0, interpolation_duration: 1 }
$data merge entity $(bone_flipper4) { transformation: [-0.9025852843498605f,0.0187786302967567f,0.4301013456375823f,0.3444218392519813f,3.469446951953614e-18f,0.9990482215818578f,-0.043619387365336f,0.0625f,-0.4305110968082951f,-0.0393702171483085f,-0.9017262231556835f,-0.40326616104786467f,0f,0f,0f,1f], start_interpolation: 0, interpolation_duration: 1 }
$data merge entity $(bone_flipper5) { transformation: [-0.7716245833877202f,-0.027745342284949296f,-0.6354728147554531f,-0.40326616104786467f,0f,0.9990482215818578f,-0.04361938736533599f,0.0625f,0.6360782202777637f,-0.03365779160340497f,-0.7708901677623436f,-0.3444218392519813f,0f,0f,0f,1f], start_interpolation: 0, interpolation_duration: 1 }
$data merge entity $(bone_flipper6) { transformation: [0.996917333733128f,0f,0.07845909572784425f,-0.027981478977388542f,0f,1f,0f,0.0625f,-0.07845909572784425f,0f,0.996917333733128f,0.4410550269912338f,0f,0f,0f,1f], start_interpolation: 0, interpolation_duration: 1 }
$data merge entity $(bone_flipper7) { transformation: [-0.0784590957278446f,0f,0.996917333733128f,0.4361513335082435f,0f,1f,0f,0.0625f,-0.996917333733128f,0f,-0.0784590957278446f,-0.034325854380931956f,0f,0f,0f,1f], start_interpolation: 0, interpolation_duration: 1 }
$data merge entity $(bone_flipper8) { transformation: [-0.996917333733128f,0f,-0.0784590957278447f,-0.029422160897941675f,0f,1f,0f,0.0625f,0.0784590957278447f,0f,-0.996917333733128f,-0.373844000149923f,0f,0f,0f,1f], start_interpolation: 0, interpolation_duration: 1 }