# This file was generated by Animated Java via MC-Build. It is not recommended to edit this file directly.
$data merge entity $(bone_core) { transformation: [-0.07845909572784528f,0f,-0.9969173337331281f,0f,0f,1f,0f,0f,0.9969173337331281f,0f,-0.07845909572784528f,0f,0f,0f,0f,1f], start_interpolation: 0, interpolation_duration: 1 }
$data merge entity $(bone_flipper) { transformation: [-0.07845909572784528f,0f,-0.9969173337331281f,-0.4312476400252532f,0f,1f,0f,0.0625f,0.9969173337331281f,0f,-0.07845909572784528f,-0.09663318773925281f,0f,0f,0f,1f], start_interpolation: 0, interpolation_duration: 1 }
$data merge entity $(bone_flipper2) { transformation: [0.6494480483301835f,-0.03316844236842013f,-0.7596822276129465f,-0.403266161047865f,3.469446951953614e-18f,0.9990482215818578f,-0.043619387365336f,0.0625f,0.7604059656000313f,0.028328525993775732f,0.6488299176940784f,0.34442183925198105f,0f,0f,0f,1f], start_interpolation: 0, interpolation_duration: 1 }
$data merge entity $(bone_flipper3) { transformation: [0.6360782202777645f,0.03365779160340494f,0.7708901677623431f,0.34442183925198105f,1.734723475976807e-18f,0.9990482215818578f,-0.04361938736533599f,0.0625f,-0.7716245833877194f,0.027745342284949327f,0.6354728147554538f,0.403266161047865f,0f,0f,0f,1f], start_interpolation: 0, interpolation_duration: 1 }
$data merge entity $(bone_flipper4) { transformation: [-0.8241261886220158f,0.024706293054566567f,0.5658671436926266f,0.403266161047865f,3.469446951953614e-18f,0.9990482215818578f,-0.043619387365336f,0.0625f,-0.5664062369248327f,-0.03594787945942167f,-0.8233418031018596f,-0.34442183925198105f,0f,0f,0f,1f], start_interpolation: 0, interpolation_duration: 1 }
$data merge entity $(bone_flipper5) { transformation: [-0.8616291604415259f,-0.02213851245675145f,-0.5070552989004589f,-0.34442183925198105f,0f,0.9990482215818578f,-0.04361938736533599f,0.0625f,0.5075383629607042f,-0.03758373611456816f,-0.8608090804021756f,-0.403266161047865f,0f,0f,0f,1f], start_interpolation: 0, interpolation_duration: 1 }
$data merge entity $(bone_flipper6) { transformation: [0.9969173337331281f,0f,-0.0784590957278455f,-0.09663318773925281f,0f,1f,0f,0.0625f,0.0784590957278455f,0f,0.9969173337331281f,0.4312476400252532f,0f,0f,0f,1f], start_interpolation: 0, interpolation_duration: 1 }
$data merge entity $(bone_flipper7) { transformation: [0.07845909572784515f,0f,0.9969173337331281f,0.43615133350824353f,0f,1f,0f,0.0625f,-0.9969173337331281f,0f,0.07845909572784515f,0.03432585438093231f,0f,0f,0f,1f], start_interpolation: 0, interpolation_duration: 1 }
$data merge entity $(bone_flipper8) { transformation: [-0.9969173337331281f,0f,0.07845909572784505f,0.02942216089794198f,0f,1f,0f,0.0625f,-0.07845909572784505f,0f,-0.9969173337331281f,-0.37384400014992303f,0f,0f,0f,1f], start_interpolation: 0, interpolation_duration: 1 }