# This file was generated by Animated Java via MC-Build. It is not recommended to edit this file directly.
$data merge entity $(bone_core) { transformation: [-0.15643446504023073f,0f,-0.9876883405951379f,0f,0f,1f,0f,0f,0.9876883405951379f,0f,-0.15643446504023073f,0f,0f,0f,0f,1f], start_interpolation: 0, interpolation_duration: 1 }
$data merge entity $(bone_flipper) { transformation: [-0.15643446504023073f,0f,-0.9876883405951379f,-0.4223364949453584f,0f,1f,0f,0.0625f,0.9876883405951379f,0f,-0.15643446504023073f,-0.13017059974229706f,0f,0f,0f,1f], start_interpolation: 0, interpolation_duration: 1 }
$data merge entity $(bone_flipper2) { transformation: [0.5877852522924734f,-0.03528882566278069f,-0.808246989459791f,-0.42904605211326324f,3.469446951953614e-18f,0.9990482215818578f,-0.043619387365336f,0.0625f,0.8090169943749473f,0.025638832607377145f,0.5872258109748392f,0.3117202033330902f,0f,0f,0f,1f], start_interpolation: 0, interpolation_duration: 1 }
$data merge entity $(bone_flipper3) { transformation: [0.6946583704589975f,0.031377161398275066f,0.7186551482413779f,0.3117202033330902f,1.734723475976807e-18f,0.9990482215818578f,-0.04361938736533599f,0.0625f,-0.719339800338651f,0.030300572547624086f,0.6939972096140128f,0.42904605211326324f,0f,0f,0f,1f], start_interpolation: 0, interpolation_duration: 1 }
$data merge entity $(bone_flipper4) { transformation: [-0.7771459614569713f,0.02745056991410758f,0.6287214174835389f,0.42904605211326324f,3.469446951953614e-18f,0.9990482215818578f,-0.043619387365336f,0.0625f,-0.6293203910498371f,-0.033898630732198114f,-0.7764062907031102f,-0.3117202033330902f,0f,0f,0f,1f], start_interpolation: 0, interpolation_duration: 1 }
$data merge entity $(bone_flipper5) { transformation: [-0.8987940462991669f,-0.019121480861579353f,-0.4379539145924277f,-0.3117202033330902f,0f,0.9990482215818578f,-0.04361938736533599f,0.0625f,0.43837114678907785f,-0.039204845667181104f,-0.8979385935235447f,-0.42904605211326324f,0f,0f,0f,1f], start_interpolation: 0, interpolation_duration: 1 }
$data merge entity $(bone_flipper6) { transformation: [0.9876883405951379f,0f,-0.15643446504023095f,-0.13017059974229706f,0f,1f,0f,0.0625f,0.15643446504023095f,0f,0.9876883405951379f,0.4223364949453584f,0f,0f,0f,1f], start_interpolation: 0, interpolation_duration: 1 }
$data merge entity $(bone_flipper7) { transformation: [0.15643446504023062f,0f,0.9876883405951379f,0.4321136490103728f,0f,1f,0f,0.0625f,-0.9876883405951379f,0f,0.15643446504023062f,0.06844007845510094f,0f,0f,0f,1f], start_interpolation: 0, interpolation_duration: 1 }
$data merge entity $(bone_flipper8) { transformation: [-0.9876883405951379f,0f,0.1564344650402305f,0.058662924390086524f,0f,1f,0f,0.0625f,-0.1564344650402305f,0f,-0.9876883405951379f,-0.3703831277231767f,0f,0f,0f,1f], start_interpolation: 0, interpolation_duration: 1 }