# This file was generated by Animated Java via MC-Build. It is not recommended to edit this file directly.
$data merge entity $(bone_core) { transformation: [-0.23344536385590586f,0f,-0.9723699203976766f,0f,0f,1f,0f,0f,0.9723699203976766f,0f,-0.23344536385590586f,0f,0f,0f,0f,1f], start_interpolation: 0, interpolation_duration: 1 }
$data merge entity $(bone_flipper) { transformation: [-0.23344536385590586f,0f,-0.9723699203976766f,-0.41082150493298936f,0f,1f,0f,0.0625f,0.9723699203976766f,0f,-0.23344536385590586f,-0.1629054667118136f,0f,0f,0f,1f], start_interpolation: 0, interpolation_duration: 1 }
$data merge entity $(bone_flipper2) { transformation: [0.5224985647159486f,-0.037191641612204916f,-0.851828639847219f,-0.45218073159509337f,3.469446951953614e-18f,0.9990482215818578f,-0.043619387365336f,0.0625f,0.8526401643540925f,0.022791067292177038f,0.5220012618585418f,0.277096708703164f,0f,0f,0f,1f], start_interpolation: 0, interpolation_duration: 1 }
$data merge entity $(bone_flipper3) { transformation: [0.7489557207890026f,0.028903080559159834f,0.6619893807544166f,0.277096708703164f,1.734723475976807e-18f,0.9990482215818578f,-0.04361938736533599f,0.0625f,-0.6626200482157368f,0.03266898970457994f,0.7482428808978115f,0.45218073159509337f,0f,0f,0f,1f], start_interpolation: 0, interpolation_duration: 1 }
$data merge entity $(bone_flipper4) { transformation: [-0.7253743710122876f,0.030025604881887366f,0.6876994146645793f,0.45218073159509337f,3.469446951953614e-18f,0.9990482215818578f,-0.043619387365336f,0.0625f,-0.6883545756937539f,-0.03164038567407193f,-0.7246839753408847f,-0.277096708703164f,0f,0f,0f,1f], start_interpolation: 0, interpolation_duration: 1 }
$data merge entity $(bone_flipper5) { transformation: [-0.9304175679820247f,-0.015986558978357948f,-0.3661523987664782f,-0.277096708703164f,0f,0.9990482215818578f,-0.04361938736533599f,0.0625f,0.36650122672429714f,-0.040584244309321775f,-0.929532016620959f,-0.45218073159509337f,0f,0f,0f,1f], start_interpolation: 0, interpolation_duration: 1 }
$data merge entity $(bone_flipper6) { transformation: [0.9723699203976766f,0f,-0.23344536385590609f,-0.1629054667118136f,0f,1f,0f,0.0625f,0.23344536385590609f,0f,0.9723699203976766f,0.41082150493298936f,0f,0f,0f,1f], start_interpolation: 0, interpolation_duration: 1 }
$data merge entity $(bone_flipper7) { transformation: [0.23344536385590575f,0f,0.9723699203976766f,0.4254118401739835f,0f,1f,0f,0.0625f,-0.9723699203976766f,0f,0.23344536385590575f,0.10213234668695881f,0f,0f,0f,1f], start_interpolation: 0, interpolation_duration: 1 }
$data merge entity $(bone_flipper8) { transformation: [-0.9723699203976766f,0f,0.23344536385590564f,0.0875420114459647f,0f,1f,0f,0.0625f,-0.23344536385590564f,0f,-0.9723699203976766f,-0.3646387201491287f,0f,0f,0f,1f], start_interpolation: 0, interpolation_duration: 1 }