# This file was generated by Animated Java via MC-Build. It is not recommended to edit this file directly.
$data merge entity $(bone_core) { transformation: [-0.30901699437494723f,0f,-0.9510565162951536f,0f,0f,1f,0f,0f,0.9510565162951536f,0f,-0.30901699437494723f,0f,0f,0f,0f,1f], start_interpolation: 0, interpolation_duration: 1 }
$data merge entity $(bone_flipper) { transformation: [-0.30901699437494723f,0f,-0.9510565162951536f,-0.3967736637306955f,0f,1f,0f,0.0625f,0.9510565162951536f,0f,-0.30901699437494723f,-0.1946359673074865f,0f,0f,0f,1f], start_interpolation: 0, interpolation_duration: 1 }
$data merge entity $(bone_flipper2) { transformation: [0.45399049973954697f,-0.038865158723614034f,-0.8901584834082213f,-0.4725275665012878f,3.469446951953614e-18f,0.9990482215818578f,-0.043619387365336f,0.0625f,0.8910065241883677f,0.019802787468321773f,0.4535584013798535f,0.2407648207200774f,0f,0f,0f,1f], start_interpolation: 0, interpolation_duration: 1 }
$data merge entity $(bone_flipper3) { transformation: [0.7986355100472929f,0.02625080261714783f,0.6012422286012982f,0.2407648207200774f,1.734723475976807e-18f,0.9990482215818578f,-0.04361938736533599f,0.0625f,-0.601815023152048f,0.034835991676465554f,0.7978753860048678f,0.4725275665012878f,0f,0f,0f,1f], start_interpolation: 0, interpolation_duration: 1 }
$data merge entity $(bone_flipper4) { transformation: [-0.6691306063588587f,0.03241552201104347f,0.7424375162709503f,0.4725275665012878f,3.469446951953614e-18f,0.9990482215818578f,-0.043619387365336f,0.0625f,-0.7431448254773937f,-0.029187067116769216f,-0.668493742288808f,-0.2407648207200774f,0f,0f,0f,1f], start_interpolation: 0, interpolation_duration: 1 }
$data merge entity $(bone_flipper5) { transformation: [-0.9563047559630353f,-0.012753074642964705f,-0.29209343164410656f,-0.2407648207200774f,0f,0.9990482215818578f,-0.04361938736533599f,0.0625f,0.29237170472273716f,-0.04171342758966475f,-0.955394565735143f,-0.4725275665012878f,0f,0f,0f,1f], start_interpolation: 0, interpolation_duration: 1 }
$data merge entity $(bone_flipper6) { transformation: [0.9510565162951535f,0f,-0.30901699437494745f,-0.1946359673074865f,0f,1f,0f,0.0625f,0.30901699437494745f,0f,0.9510565162951535f,0.3967736637306955f,0f,0f,0f,1f], start_interpolation: 0, interpolation_duration: 1 }
$data merge entity $(bone_flipper7) { transformation: [0.3090169943749471f,0f,0.9510565162951536f,0.4160872258791297f,0f,1f,0f,0.0625f,-0.9510565162951536f,0f,0.3090169943749471f,0.1351949350390394f,0f,0f,0f,1f], start_interpolation: 0, interpolation_duration: 1 }
$data merge entity $(bone_flipper8) { transformation: [-0.9510565162951538f,0f,0.309016994374947f,0.11588137289060521f,0f,1f,0f,0.0625f,-0.309016994374947f,0f,-0.9510565162951538f,-0.3566461936106826f,0f,0f,0f,1f], start_interpolation: 0, interpolation_duration: 1 }