# This file was generated by Animated Java via MC-Build. It is not recommended to edit this file directly.
$data merge entity $(bone_core) { transformation: [-0.3826834323650893f,0f,-0.923879532511287f,0f,0f,1f,0f,0f,0.923879532511287f,0f,-0.3826834323650893f,0f,0f,0f,0f,1f], start_interpolation: 0, interpolation_duration: 1 }
$data merge entity $(bone_flipper) { transformation: [-0.3826834323650893f,0f,-0.923879532511287f,-0.38027958095086994f,0f,1f,0f,0.0625f,0.923879532511287f,0f,-0.3826834323650893f,-0.225166472441682f,0f,0f,0f,1f], start_interpolation: 0, interpolation_duration: 1 }
$data merge entity $(bone_flipper2) { transformation: [0.3826834323650903f,-0.04029905920751534f,-0.9230002039112789f,-0.4899611118286411f,3.469446951953614e-18f,0.9990482215818578f,-0.043619387365336f,0.0625f,0.9238795325112865f,0.016692416874629232f,0.3823192025331847f,0.20294853755482412f,0f,0f,0f,1f], start_interpolation: 0, interpolation_duration: 1 }
$data merge entity $(bone_flipper3) { transformation: [0.8433914458128855f,0.023436679747723427f,0.536788218175523f,0.20294853755482412f,1.734723475976807e-18f,0.9990482215818578f,-0.04361938736533599f,0.0625f,-0.5372996083468239f,0.03678821817552304f,0.8425887240367151f,0.4899611118286411f,0f,0f,0f,1f], start_interpolation: 0, interpolation_duration: 1 }
$data merge entity $(bone_flipper4) { transformation: [-0.6087614290087214f,0.034605586667746595f,0.7925982437039842f,0.4899611118286411f,3.469446951953614e-18f,0.9990482215818578f,-0.043619387365336f,0.0625f,-0.7933533402912345f,-0.026553800585006913f,-0.6081820230187935f,-0.20294853755482412f,0f,0f,0f,1f], start_interpolation: 0, interpolation_duration: 1 }
$data merge entity $(bone_flipper5) { transformation: [-0.9762960071199333f,-0.009440963361569917f,-0.21623361138472635f,-0.20294853755482412f,0f,0.9990482215818578f,-0.04361938736533599f,0.0625f,0.21643961393810363f,-0.042585433717795204f,-0.975366789650638f,-0.4899611118286411f,0f,0f,0f,1f], start_interpolation: 0, interpolation_duration: 1 }
$data merge entity $(bone_flipper6) { transformation: [0.9238795325112868f,0f,-0.3826834323650895f,-0.225166472441682f,0f,1f,0f,0.0625f,0.3826834323650895f,0f,0.9238795325112868f,0.38027958095086994f,0f,0f,0f,1f], start_interpolation: 0, interpolation_duration: 1 }
$data merge entity $(bone_flipper7) { transformation: [0.38268343236508917f,0f,0.923879532511287f,0.40419729547368805f,0f,1f,0f,0.0625f,-0.923879532511287f,0f,0.38268343236508917f,0.16742400165972657f,0f,0f,0f,1f], start_interpolation: 0, interpolation_duration: 1 }
$data merge entity $(bone_flipper8) { transformation: [-0.9238795325112871f,0f,0.38268343236508906f,0.1435062871369085f,0f,1f,0f,0.0625f,-0.38268343236508906f,0f,-0.9238795325112871f,-0.3464548246917326f,0f,0f,0f,1f], start_interpolation: 0, interpolation_duration: 1 }