# This file was generated by Animated Java via MC-Build. It is not recommended to edit this file directly.
$data merge entity $(bone_core) { transformation: [-0.5224985647159491f,0f,-0.852640164354092f,0f,0f,1f,0f,0f,0.852640164354092f,0f,-0.5224985647159491f,0f,0f,0f,0f,1f], start_interpolation: 0, interpolation_duration: 1 }
$data merge entity $(bone_flipper) { transformation: [-0.5224985647159491f,0f,-0.852640164354092f,-0.3403739116101684f,0f,1f,0f,0.0625f,0.852640164354092f,0f,-0.5224985647159491f,-0.2818831323353585f,0f,0f,0f,1f], start_interpolation: 0, interpolation_duration: 1 }
$data merge entity $(bone_flipper2) { transformation: [0.23344536385590509f,-0.04241418022022719f,-0.9714444396929913f,-0.5156770234012653f,3.469446951953614e-18f,0.9990482215818578f,-0.043619387365336f,0.0625f,0.9723699203976766f,0.01018274375467253f,0.2332231755967718f,0.12380309986430355f,0f,0f,0f,1f], start_interpolation: 0, interpolation_duration: 1 }
$data merge entity $(bone_flipper3) { transformation: [0.9170600743851242f,0.017393190099017342f,0.398369548167188f,0.12380309986430355f,1.734723475976807e-18f,0.9990482215818578f,-0.04361938736533599f,0.0625f,-0.3987490689252454f,0.04000159862188857f,0.9161872363981846f,0.5156770234012653f,0f,0f,0f,1f], start_interpolation: 0, interpolation_duration: 1 }
$data merge entity $(bone_flipper4) { transformation: [-0.4771587602596084f,0.0383334640604884f,0.8779806735006395f,0.5156770234012653f,3.469446951953614e-18f,0.9990482215818578f,-0.043619387365336f,0.0625f,-0.8788171126619652f,-0.020813372798527352f,-0.4767046108495658f,-0.12380309986430355f,0f,0f,0f,1f], start_interpolation: 0, interpolation_duration: 1 }
$data merge entity $(bone_flipper5) { transformation: [-0.9981347984218669f,-0.0026628998940589448f,-0.060990434852468356f,-0.12380309986430355f,0f,0.9990482215818578f,-0.04361938736533599f,0.0625f,0.06104853953485673f,-0.043538028415184976f,-0.9971847952623323f,-0.5156770234012653f,0f,0f,0f,1f], start_interpolation: 0, interpolation_duration: 1 }
$data merge entity $(bone_flipper6) { transformation: [0.8526401643540918f,0f,-0.5224985647159494f,-0.2818831323353585f,0f,1f,0f,0.0625f,0.5224985647159494f,0f,0.8526401643540918f,0.3403739116101684f,0f,0f,0f,1f], start_interpolation: 0, interpolation_duration: 1 }
$data merge entity $(bone_flipper7) { transformation: [0.522498564715949f,0f,0.8526401643540921f,0.3730300719049152f,0f,1f,0f,0.0625f,-0.8526401643540921f,0f,0.522498564715949f,0.22859312206322774f,0f,0f,0f,1f], start_interpolation: 0, interpolation_duration: 1 }
$data merge entity $(bone_flipper8) { transformation: [-0.8526401643540921f,0f,0.5224985647159489f,0.1959369617684809f,0f,1f,0f,0.0625f,-0.5224985647159489f,0f,-0.8526401643540921f,-0.31974006163278446f,0f,0f,0f,1f], start_interpolation: 0, interpolation_duration: 1 }