# This file was generated by Animated Java via MC-Build. It is not recommended to edit this file directly.
$data merge entity $(bone_core) { transformation: [-0.5877852522924731f,0f,-0.8090169943749473f,0f,0f,1f,0f,0f,0.8090169943749473f,0f,-0.5877852522924731f,0f,0f,0f,0f,1f], start_interpolation: 0, interpolation_duration: 1 }
$data merge entity $(bone_flipper) { transformation: [-0.5877852522924731f,0f,-0.8090169943749473f,-0.31720835677075987f,0f,1f,0f,0.0625f,0.8090169943749473f,0f,-0.5877852522924731f,-0.3077196100263912f,0f,0f,0f,1f], start_interpolation: 0, interpolation_duration: 1 }
$data merge entity $(bone_flipper2) { transformation: [0.15643446504023084f,-0.04308236032464523f,-0.9867482801487084f,-0.5238008425002827f,3.469446951953614e-18f,0.9990482215818578f,-0.043619387365336f,0.0625f,0.9876883405951375f,0.00682357552787894f,0.15628557409255206f,0.08296190328092781f,0f,0f,0f,1f], start_interpolation: 0, interpolation_duration: 1 }
$data merge entity $(bone_flipper3) { transformation: [0.9455185755993167f,0.014201083443084234f,0.3252582857141095f,0.08296190328092781f,1.734723475976807e-18f,0.9990482215818578f,-0.04361938736533599f,0.0625f,-0.3255681544571562f,0.04124294101018733f,0.9446186514251088f,0.5238008425002827f,0f,0f,0f,1f], start_interpolation: 0, interpolation_duration: 1 }
$data merge entity $(bone_flipper4) { transformation: [-0.40673664307580054f,0.039848293192755756f,0.9126759647920245f,0.5238008425002827f,3.469446951953614e-18f,0.9990482215818578f,-0.043619387365336f,0.0625f,-0.9135454576426005f,-0.017741603189999747f,-0.4063495199170533f,-0.08296190328092781f,0f,0f,0f,1f], start_interpolation: 0, interpolation_duration: 1 }
$data merge entity $(bone_flipper5) { transformation: [-0.9998476951563912f,0.0007612632768451456f,0.017435795613491678f,-0.08296190328092781f,0f,0.9990482215818578f,-0.04361938736533599f,0.0625f,-0.017452406437283408f,-0.04361274392136501f,-0.998896061698712f,-0.5238008425002827f,0f,0f,0f,1f], start_interpolation: 0, interpolation_duration: 1 }
$data merge entity $(bone_flipper6) { transformation: [0.8090169943749472f,0f,-0.5877852522924734f,-0.3077196100263912f,0f,1f,0f,0.0625f,0.5877852522924734f,0f,0.8090169943749472f,0.31720835677075987f,0f,0f,0f,1f], start_interpolation: 0, interpolation_duration: 1 }
$data merge entity $(bone_flipper7) { transformation: [0.587785252292473f,0f,0.8090169943749475f,0.35394493503903945f,0f,1f,0f,0.0625f,-0.8090169943749475f,0f,0.587785252292473f,0.257156047877957f,0f,0f,0f,1f], start_interpolation: 0, interpolation_duration: 1 }
$data merge entity $(bone_flipper8) { transformation: [-0.8090169943749475f,0f,0.5877852522924729f,0.22041946960967743f,0f,1f,0f,0.0625f,-0.5877852522924729f,0f,-0.8090169943749475f,-0.30338137289060524f,0f,0f,0f,1f], start_interpolation: 0, interpolation_duration: 1 }