# This file was generated by Animated Java via MC-Build. It is not recommended to edit this file directly.
$data merge entity $(bone_core) { transformation: [-0.6494480483301832f,0f,-0.7604059656000313f,0f,0f,1f,0f,0f,0.7604059656000313f,0f,-0.6494480483301832f,0f,0f,0f,0f,1f], start_interpolation: 0, interpolation_duration: 1 }
$data merge entity $(bone_flipper) { transformation: [-0.6494480483301832f,0f,-0.7604059656000313f,-0.2920871069293772f,0f,1f,0f,0.0625f,0.7604059656000313f,0f,-0.6494480483301832f,-0.33165889399445714f,0f,0f,0f,1f], start_interpolation: 0, interpolation_duration: 1 }
$data merge entity $(bone_flipper2) { transformation: [0.0784590957278456f,-0.04348492335132326f,-0.9959684893302088f,-0.5286952552238304f,3.469446951953614e-18f,0.9990482215818578f,-0.043619387365336f,0.0625f,0.9969173337331279f,0.003422337688886872f,0.07838442005382495f,0.04160921897619299f,0f,0f,0f,1f], start_interpolation: 0, interpolation_duration: 1 }
$data merge entity $(bone_flipper3) { transformation: [0.9681476403781076f,0.010921422385385082f,0.2501416977702481f,0.04160921897619299f,1.734723475976807e-18f,0.9990482215818578f,-0.04361938736533599f,0.0625f,-0.25038000405444155f,0.042230006952488686f,0.9672261783484204f,0.5286952552238304f,0f,0f,0f,1f], start_interpolation: 0, interpolation_duration: 1 }
$data merge entity $(bone_flipper4) { transformation: [-0.3338068592337718f,0.04111744434658764f,0.941744305264911f,0.5286952552238304f,3.469446951953614e-18f,0.9990482215818578f,-0.043619387365336f,0.0625f,-0.942641491092178f,-0.014560450698124077f,-0.33348914906932525f,-0.04160921897619299f,0f,0f,0f,1f], start_interpolation: 0, interpolation_duration: 1 }
$data merge entity $(bone_flipper5) { transformation: [-0.9953961983671789f,0.004180733006501746f,0.09575452860150391f,-0.04160921897619299f,0f,0.9990482215818578f,-0.04361938736533599f,0.0625f,-0.09584575252022326f,-0.04341857235856081f,-0.9944488017480722f,-0.5286952552238304f,0f,0f,0f,1f], start_interpolation: 0, interpolation_duration: 1 }
$data merge entity $(bone_flipper6) { transformation: [0.7604059656000312f,0f,-0.6494480483301834f,-0.33165889399445714f,0f,1f,0f,0.0625f,0.6494480483301834f,0f,0.7604059656000312f,0.2920871069293772f,0f,0f,0f,1f], start_interpolation: 0, interpolation_duration: 1 }
$data merge entity $(bone_flipper7) { transformation: [0.6494480483301831f,0f,0.7604059656000314f,0.33267760995001366f,0f,1f,0f,0.0625f,-0.7604059656000314f,0f,0.6494480483301831f,0.28413352114445517f,0f,0f,0f,1f], start_interpolation: 0, interpolation_duration: 1 }
$data merge entity $(bone_flipper8) { transformation: [-0.7604059656000314f,0f,0.649448048330183f,0.2435430181238187f,0f,1f,0f,0.0625f,-0.649448048330183f,0f,-0.7604059656000314f,-0.2851522371000117f,0f,0f,0f,1f], start_interpolation: 0, interpolation_duration: 1 }