# This file was generated by Animated Java via MC-Build. It is not recommended to edit this file directly.
$data merge entity $(bone_core) { transformation: [-0.8526401643540922f,0f,0.5224985647159489f,0f,0f,1f,0f,0f,-0.5224985647159489f,0f,-0.8526401643540922f,0f,0f,0f,0f,1f], start_interpolation: 0, interpolation_duration: 1 }
$data merge entity $(bone_flipper) { transformation: [-0.8526401643540922f,0f,0.5224985647159489f,0.28188313233535844f,0f,1f,0f,0.0625f,-0.5224985647159489f,0f,-0.8526401643540922f,-0.3403739116101685f,0f,0f,0f,1f], start_interpolation: 0, interpolation_duration: 1 }
$data merge entity $(bone_flipper2) { transformation: [-0.9723699203976766f,-0.010182743754672544f,-0.23322317559677208f,-0.12380309986430371f,3.469446951953614e-18f,0.9990482215818578f,-0.043619387365336f,0.0625f,0.23344536385590547f,-0.04241418022022719f,-0.9714444396929914f,-0.5156770234012654f,0f,0f,0f,1f], start_interpolation: 0, interpolation_duration: 1 }
$data merge entity $(bone_flipper3) { transformation: [0.39874906892524564f,-0.04000159862188857f,-0.9161872363981844f,-0.5156770234012654f,1.734723475976807e-18f,0.9990482215818578f,-0.04361938736533599f,0.0625f,0.9170600743851242f,0.017393190099017353f,0.3983695481671884f,0.12380309986430371f,0f,0f,0f,1f], start_interpolation: 0, interpolation_duration: 1 }
$data merge entity $(bone_flipper4) { transformation: [0.878817112661965f,0.020813372798527366f,0.4767046108495661f,0.12380309986430371f,3.469446951953614e-18f,0.9990482215818578f,-0.043619387365336f,0.0625f,-0.47715876025960874f,0.03833346406048839f,0.8779806735006395f,0.5156770234012654f,0f,0f,0f,1f], start_interpolation: 0, interpolation_duration: 1 }
$data merge entity $(bone_flipper5) { transformation: [-0.061048539534857005f,0.043538028415184976f,0.9971847952623323f,0.5156770234012654f,0f,0.9990482215818578f,-0.04361938736533599f,0.0625f,-0.9981347984218669f,-0.002662899894058955f,-0.060990434852468633f,-0.12380309986430371f,0f,0f,0f,1f], start_interpolation: 0, interpolation_duration: 1 }
$data merge entity $(bone_flipper6) { transformation: [-0.5224985647159491f,0f,-0.8526401643540921f,-0.3403739116101685f,0f,1f,0f,0.0625f,0.8526401643540921f,0f,-0.5224985647159491f,-0.28188313233535844f,0f,0f,0f,1f], start_interpolation: 0, interpolation_duration: 1 }
$data merge entity $(bone_flipper7) { transformation: [0.8526401643540923f,0f,-0.5224985647159488f,-0.22859312206322766f,0f,1f,0f,0.0625f,0.5224985647159488f,0f,0.8526401643540923f,0.37303007190491533f,0f,0f,0f,1f], start_interpolation: 0, interpolation_duration: 1 }
$data merge entity $(bone_flipper8) { transformation: [0.5224985647159487f,0f,0.8526401643540923f,0.31974006163278457f,0f,1f,0f,0.0625f,-0.8526401643540923f,0f,0.5224985647159487f,0.19593696176848086f,0f,0f,0f,1f], start_interpolation: 0, interpolation_duration: 1 }