# This file was generated by Animated Java via MC-Build. It is not recommended to edit this file directly.
$data merge entity $(bone_core) { transformation: [-0.7071067811865475f,0f,-0.7071067811865476f,0f,0f,1f,0f,0f,0.7071067811865476f,0f,-0.7071067811865475f,0f,0f,0f,0f,1f], start_interpolation: 0, interpolation_duration: 1 }
$data merge entity $(bone_flipper) { transformation: [-0.7071067811865475f,0f,-0.7071067811865476f,-0.26516504294495535f,0f,1f,0f,0.0625f,0.7071067811865476f,0f,-0.7071067811865475f,-0.35355339059327373f,0f,0f,0f,1f], start_interpolation: 0, interpolation_duration: 1 }
$data merge entity $(bone_flipper2) { transformation: [2.220446049250313e-16f,-0.04361938736533601f,-0.9990482215818578f,-0.5303300858899107f,3.469446951953614e-18f,0.9990482215818578f,-0.043619387365336f,0.0625f,1f,3.469446951953614e-18f,2.220446049250313e-16f,5.551115123125783e-17f,0f,0f,0f,1f], start_interpolation: 0, interpolation_duration: 1 }
$data merge entity $(bone_flipper3) { transformation: [0.9848077530122079f,0.007574427126938503f,0.17348290307907688f,5.551115123125783e-17f,1.734723475976807e-18f,0.9990482215818578f,-0.04361938736533599f,0.0625f,-0.17364817766692997f,0.04295671085902564f,0.9838704342468718f,0.5303300858899107f,0f,0f,0f,1f], start_interpolation: 0, interpolation_duration: 1 }
$data merge entity $(bone_flipper4) { transformation: [-0.2588190451025213f,0.04213309278308512f,0.96500647893408f,0.5303300858899107f,3.469446951953614e-18f,0.9990482215818578f,-0.043619387365336f,0.0625f,-0.965925826289068f,-0.011289528185853237f,-0.25857270672118843f,-5.551115123125783e-17f,0f,0f,0f,1f], start_interpolation: 0, interpolation_duration: 1 }
$data merge entity $(bone_flipper5) { transformation: [-0.9848077530122081f,0.00757442712693851f,0.17348290307907688f,-5.551115123125783e-17f,0f,0.9990482215818578f,-0.04361938736533599f,0.0625f,-0.17364817766693008f,-0.042956710859025644f,-0.9838704342468719f,-0.5303300858899107f,0f,0f,0f,1f], start_interpolation: 0, interpolation_duration: 1 }
$data merge entity $(bone_flipper6) { transformation: [0.7071067811865475f,0f,-0.7071067811865476f,-0.35355339059327373f,0f,1f,0f,0.0625f,0.7071067811865476f,0f,0.7071067811865475f,0.26516504294495535f,0f,0f,0f,1f], start_interpolation: 0, interpolation_duration: 1 }
$data merge entity $(bone_flipper7) { transformation: [0.7071067811865474f,0f,0.7071067811865477f,0.30935921676911454f,0f,1f,0f,0.0625f,-0.7071067811865477f,0f,0.7071067811865474f,0.3093592167691145f,0f,0f,0f,1f], start_interpolation: 0, interpolation_duration: 1 }
$data merge entity $(bone_flipper8) { transformation: [-0.7071067811865477f,0f,0.7071067811865474f,0.2651650429449553f,0f,1f,0f,0.0625f,-0.7071067811865474f,0f,-0.7071067811865477f,-0.26516504294495535f,0f,0f,0f,1f], start_interpolation: 0, interpolation_duration: 1 }