# This file was generated by Animated Java via MC-Build. It is not recommended to edit this file directly.
$data merge entity $(bone_core) { transformation: [-0.7604059656000306f,0f,-0.6494480483301841f,0f,0f,1f,0f,0f,0.6494480483301841f,0f,-0.7604059656000306f,0f,0f,0f,0f,1f], start_interpolation: 0, interpolation_duration: 1 }
$data merge entity $(bone_flipper) { transformation: [-0.7604059656000306f,0f,-0.6494480483301841f,-0.23660814829445365f,0f,1f,0f,0.0625f,0.6494480483301841f,0f,-0.7604059656000306f,-0.3732681129706499f,0f,0f,0f,1f], start_interpolation: 0, interpolation_duration: 1 }
$data merge entity $(bone_flipper2) { transformation: [-0.07845909572784437f,-0.04348492335132326f,-0.995968489330209f,-0.5286952552238305f,3.469446951953614e-18f,0.9990482215818578f,-0.043619387365336f,0.0625f,0.9969173337331281f,-0.0034223376888868236f,-0.07838442005382351f,-0.041609218976192436f,0f,0f,0f,1f], start_interpolation: 0, interpolation_duration: 1 }
$data merge entity $(bone_flipper3) { transformation: [0.9953961983671787f,0.004180733006501784f,0.09575452860150474f,-0.041609218976192436f,1.734723475976807e-18f,0.9990482215818578f,-0.04361938736533599f,0.0625f,-0.09584575252022409f,0.043418572358560795f,0.9944488017480719f,0.5286952552238305f,0f,0f,0f,1f], start_interpolation: 0, interpolation_duration: 1 }
$data merge entity $(bone_flipper4) { transformation: [-0.1822355254921485f,0.042888976691899776f,0.9823190667634026f,0.5286952552238305f,3.469446951953614e-18f,0.9990482215818578f,-0.043619387365336f,0.0625f,-0.9832549075639543f,-0.007949001978167582f,-0.18206207765196614f,0.041609218976192436f,0f,0f,0f,1f], start_interpolation: 0, interpolation_duration: 1 }
$data merge entity $(bone_flipper5) { transformation: [-0.968147640378108f,0.010921422385385047f,0.2501416977702473f,0.041609218976192436f,0f,0.9990482215818578f,-0.04361938736533599f,0.0625f,-0.25038000405444066f,-0.0422300069524887f,-0.9672261783484208f,-0.5286952552238305f,0f,0f,0f,1f], start_interpolation: 0, interpolation_duration: 1 }
$data merge entity $(bone_flipper6) { transformation: [0.6494480483301839f,0f,-0.7604059656000307f,-0.3732681129706499f,0f,1f,0f,0.0625f,0.7604059656000307f,0f,0.6494480483301839f,0.23660814829445365f,0f,0f,0f,1f], start_interpolation: 0, interpolation_duration: 1 }
$data merge entity $(bone_flipper7) { transformation: [0.7604059656000305f,0f,0.6494480483301842f,0.28413352114445556f,0f,1f,0f,0.0625f,-0.6494480483301842f,0f,0.7604059656000305f,0.3326776099500134f,0f,0f,0f,1f], start_interpolation: 0, interpolation_duration: 1 }
$data merge entity $(bone_flipper8) { transformation: [-0.6494480483301843f,0f,0.7604059656000305f,0.2851522371000115f,0f,1f,0f,0.0625f,-0.7604059656000305f,0f,-0.6494480483301843f,-0.24354301812381904f,0f,0f,0f,1f], start_interpolation: 0, interpolation_duration: 1 }