# This file was generated by Animated Java via MC-Build. It is not recommended to edit this file directly.
$data merge entity $(bone_core) { transformation: [-0.8090169943749475f,0f,-0.5877852522924731f,0f,0f,1f,0f,0f,0.5877852522924731f,0f,-0.8090169943749475f,0f,0f,0f,0f,1f], start_interpolation: 0, interpolation_duration: 1 }
$data merge entity $(bone_flipper) { transformation: [-0.8090169943749475f,0f,-0.5877852522924731f,-0.20659248572952277f,0f,1f,0f,0.0625f,0.5877852522924731f,0f,-0.8090169943749475f,-0.3906815133073191f,0f,0f,0f,1f], start_interpolation: 0, interpolation_duration: 1 }
$data merge entity $(bone_flipper2) { transformation: [-0.15643446504023079f,-0.04308236032464523f,-0.9867482801487086f,-0.5238008425002827f,3.469446951953614e-18f,0.9990482215818578f,-0.043619387365336f,0.0625f,0.9876883405951378f,-0.006823575527878944f,-0.15628557409255178f,-0.08296190328092787f,0f,0f,0f,1f], start_interpolation: 0, interpolation_duration: 1 }
$data merge entity $(bone_flipper3) { transformation: [0.9998476951563913f,0.0007612632768451352f,0.0174357956134914f,-0.08296190328092787f,1.734723475976807e-18f,0.9990482215818578f,-0.04361938736533599f,0.0625f,-0.017452406437283075f,0.043612743921365f,0.9988960616987121f,0.5238008425002827f,0f,0f,0f,1f], start_interpolation: 0, interpolation_duration: 1 }
$data merge entity $(bone_flipper4) { transformation: [-0.10452846326765386f,0.043380435797376875f,0.9935753308918918f,0.5238008425002827f,3.469446951953614e-18f,0.9990482215818578f,-0.043619387365336f,0.0625f,-0.9945218953682733f,-0.004559467529975086f,-0.10442897533223411f,0.08296190328092787f,0f,0f,0f,1f], start_interpolation: 0, interpolation_duration: 1 }
$data merge entity $(bone_flipper5) { transformation: [-0.945518575599317f,0.014201083443084253f,0.32525828571410975f,0.08296190328092787f,0f,0.9990482215818578f,-0.04361938736533599f,0.0625f,-0.3255681544571565f,-0.04124294101018733f,-0.9446186514251089f,-0.5238008425002827f,0f,0f,0f,1f], start_interpolation: 0, interpolation_duration: 1 }
$data merge entity $(bone_flipper6) { transformation: [0.5877852522924729f,0f,-0.8090169943749476f,-0.3906815133073191f,0f,1f,0f,0.0625f,0.8090169943749476f,0f,0.5877852522924729f,0.20659248572952277f,0f,0f,0f,1f], start_interpolation: 0, interpolation_duration: 1 }
$data merge entity $(bone_flipper7) { transformation: [0.8090169943749473f,0f,0.5877852522924732f,0.257156047877957f,0f,1f,0f,0.0625f,-0.5877852522924732f,0f,0.8090169943749473f,0.3539449350390395f,0f,0f,0f,1f], start_interpolation: 0, interpolation_duration: 1 }
$data merge entity $(bone_flipper8) { transformation: [-0.5877852522924734f,0f,0.8090169943749473f,0.3033813728906053f,0f,1f,0f,0.0625f,-0.8090169943749473f,0f,-0.5877852522924734f,-0.22041946960967743f,0f,0f,0f,1f], start_interpolation: 0, interpolation_duration: 1 }