# This file was generated by Animated Java via MC-Build. It is not recommended to edit this file directly.
$data merge entity $(bone_core) { transformation: [-0.8526401643540925f,0f,-0.5224985647159486f,0f,0f,1f,0f,0f,0.5224985647159486f,0f,-0.8526401643540925f,0f,0f,0f,0f,1f], start_interpolation: 0, interpolation_duration: 1 }
$data merge entity $(bone_flipper) { transformation: [-0.8526401643540925f,0f,-0.5224985647159486f,-0.17530311179109673f,0f,1f,0f,0.0625f,0.5224985647159486f,0f,-0.8526401643540925f,-0.40568623219966227f,0f,0f,0f,1f], start_interpolation: 0, interpolation_duration: 1 }
$data merge entity $(bone_flipper2) { transformation: [-0.23344536385590575f,-0.04241418022022719f,-0.9714444396929914f,-0.5156770234012654f,3.469446951953614e-18f,0.9990482215818578f,-0.043619387365336f,0.0625f,0.9723699203976766f,-0.010182743754672565f,-0.2332231755967723f,-0.12380309986430396f,0f,0f,0f,1f], start_interpolation: 0, interpolation_duration: 1 }
$data merge entity $(bone_flipper3) { transformation: [0.9981347984218669f,-0.0026628998940589864f,-0.0609904348524693f,-0.12380309986430396f,1.734723475976807e-18f,0.9990482215818578f,-0.04361938736533599f,0.0625f,0.06104853953485767f,0.04353802841518497f,0.9971847952623323f,0.5156770234012654f,0f,0f,0f,1f], start_interpolation: 0, interpolation_duration: 1 }
$data merge entity $(bone_flipper4) { transformation: [-0.02617694830787326f,0.04360444009070442f,0.9987058727081078f,0.5156770234012654f,3.469446951953614e-18f,0.9990482215818578f,-0.043619387365336f,0.0625f,-0.9996573249755573f,-0.0011418224482834909f,-0.026152033653420947f,0.12380309986430396f,0f,0f,0f,1f], start_interpolation: 0, interpolation_duration: 1 }
$data merge entity $(bone_flipper5) { transformation: [-0.917060074385124f,0.017393190099017387f,0.39836954816718906f,0.12380309986430396f,0f,0.9990482215818578f,-0.04361938736533599f,0.0625f,-0.3987490689252465f,-0.04000159862188857f,-0.9161872363981844f,-0.5156770234012654f,0f,0f,0f,1f], start_interpolation: 0, interpolation_duration: 1 }
$data merge entity $(bone_flipper6) { transformation: [0.5224985647159484f,0f,-0.8526401643540926f,-0.40568623219966227f,0f,1f,0f,0.0625f,0.8526401643540926f,0f,0.5224985647159484f,0.17530311179109673f,0f,0f,0f,1f], start_interpolation: 0, interpolation_duration: 1 }
$data merge entity $(bone_flipper7) { transformation: [0.8526401643540924f,0f,0.5224985647159487f,0.22859312206322752f,0f,1f,0f,0.0625f,-0.5224985647159487f,0f,0.8526401643540924f,0.3730300719049155f,0f,0f,0f,1f], start_interpolation: 0, interpolation_duration: 1 }
$data merge entity $(bone_flipper8) { transformation: [-0.5224985647159488f,0f,0.8526401643540924f,0.3197400616327847f,0f,1f,0f,0.0625f,-0.8526401643540924f,0f,-0.5224985647159488f,-0.19593696176848072f,0f,0f,0f,1f], start_interpolation: 0, interpolation_duration: 1 }