# This file was generated by Animated Java via MC-Build. It is not recommended to edit this file directly.
$data merge entity $(bone_core) { transformation: [-0.9238795325112868f,0f,-0.38268343236508945f,0f,0f,1f,0f,0f,0.38268343236508945f,0f,-0.9238795325112868f,0f,0f,0f,0f,1f], start_interpolation: 0, interpolation_duration: 1 }
$data merge entity $(bone_flipper) { transformation: [-0.9238795325112868f,0f,-0.38268343236508945f,-0.10968153087777119f,0f,1f,0f,0.0625f,0.38268343236508945f,0f,-0.9238795325112868f,-0.4281150099965061f,0f,0f,0f,1f], start_interpolation: 0, interpolation_duration: 1 }
$data merge entity $(bone_flipper2) { transformation: [-0.38268343236509f,-0.04029905920751534f,-0.923000203911279f,-0.4899611118286411f,3.469446951953614e-18f,0.9990482215818578f,-0.043619387365336f,0.0625f,0.9238795325112866f,-0.016692416874629225f,-0.3823192025331843f,-0.202948537554824f,0f,0f,0f,1f], start_interpolation: 0, interpolation_duration: 1 }
$data merge entity $(bone_flipper3) { transformation: [0.976296007119933f,-0.009440963361569915f,-0.2162336113847263f,-0.202948537554824f,1.734723475976807e-18f,0.9990482215818578f,-0.04361938736533599f,0.0625f,0.21643961393810357f,0.04258543371779519f,0.9753667896506378f,0.4899611118286411f,0f,0f,0f,1f], start_interpolation: 0, interpolation_duration: 1 }
$data merge entity $(bone_flipper4) { transformation: [0.13052619222005146f,0.04324621745963609f,0.9905012255519767f,0.4899611118286411f,3.469446951953614e-18f,0.9990482215818578f,-0.043619387365336f,0.0625f,-0.9914448613738104f,0.005693472539768738f,0.13040196020729417f,0.202948537554824f,0f,0f,0f,1f], start_interpolation: 0, interpolation_duration: 1 }
$data merge entity $(bone_flipper5) { transformation: [-0.8433914458128856f,0.023436679747723434f,0.5367882181755231f,0.202948537554824f,0f,0.9990482215818578f,-0.04361938736533599f,0.0625f,-0.5372996083468239f,-0.03678821817552304f,-0.8425887240367151f,-0.4899611118286411f,0f,0f,0f,1f], start_interpolation: 0, interpolation_duration: 1 }
$data merge entity $(bone_flipper6) { transformation: [0.3826834323650892f,0f,-0.923879532511287f,-0.4281150099965061f,0f,1f,0f,0.0625f,0.923879532511287f,0f,0.3826834323650892f,0.10968153087777119f,0f,0f,0f,1f], start_interpolation: 0, interpolation_duration: 1 }
$data merge entity $(bone_flipper7) { transformation: [0.9238795325112868f,0f,0.38268343236508956f,0.16742400165972662f,0f,1f,0f,0.0625f,-0.38268343236508956f,0f,0.9238795325112868f,0.404197295473688f,0f,0f,0f,1f], start_interpolation: 0, interpolation_duration: 1 }
$data merge entity $(bone_flipper8) { transformation: [-0.38268343236508967f,0f,0.9238795325112867f,0.34645482469173255f,0f,1f,0f,0.0625f,-0.9238795325112867f,0f,-0.38268343236508967f,-0.14350628713690855f,0f,0f,0f,1f], start_interpolation: 0, interpolation_duration: 1 }