# This file was generated by Animated Java via MC-Build. It is not recommended to edit this file directly.
$data merge entity $(bone_core) { transformation: [-0.9510565162951535f,0f,-0.3090169943749475f,0f,0f,1f,0f,0f,0.3090169943749475f,0f,-0.9510565162951535f,0f,0f,0f,0f,1f], start_interpolation: 0, interpolation_duration: 1 }
$data merge entity $(bone_flipper) { transformation: [-0.9510565162951535f,0f,-0.3090169943749475f,-0.07575390277059244f,0f,1f,0f,0.0625f,0.3090169943749475f,0f,-0.9510565162951535f,-0.4354007880275639f,0f,0f,0f,1f], start_interpolation: 0, interpolation_duration: 1 }
$data merge entity $(bone_flipper2) { transformation: [-0.45399049973954664f,-0.03886515872361404f,-0.8901584834082216f,-0.4725275665012879f,3.469446951953614e-18f,0.9990482215818578f,-0.043619387365336f,0.0625f,0.891006524188368f,-0.01980278746832176f,-0.4535584013798528f,-0.24076482072007724f,0f,0f,0f,1f], start_interpolation: 0, interpolation_duration: 1 }
$data merge entity $(bone_flipper3) { transformation: [0.9563047559630353f,-0.012753074642964702f,-0.2920934316441065f,-0.24076482072007724f,1.734723475976807e-18f,0.9990482215818578f,-0.04361938736533599f,0.0625f,0.292371704722737f,0.041713427589664745f,0.9553945657351428f,0.4725275665012879f,0f,0f,0f,1f], start_interpolation: 0, interpolation_duration: 1 }
$data merge entity $(bone_flipper4) { transformation: [0.20791169081775873f,0.04266619909688189f,0.9772166209576697f,0.4725275665012879f,3.469446951953614e-18f,0.9990482215818578f,-0.043619387365336f,0.0625f,-0.9781476007338057f,0.0090689805795618f,0.20771380495755903f,0.24076482072007724f,0f,0f,0f,1f], start_interpolation: 0, interpolation_duration: 1 }
$data merge entity $(bone_flipper5) { transformation: [-0.798635510047293f,0.02625080261714784f,0.6012422286012982f,0.24076482072007724f,0f,0.9990482215818578f,-0.04361938736533599f,0.0625f,-0.601815023152048f,-0.03483599167646556f,-0.797875386004868f,-0.4725275665012879f,0f,0f,0f,1f], start_interpolation: 0, interpolation_duration: 1 }
$data merge entity $(bone_flipper6) { transformation: [0.3090169943749473f,0f,-0.9510565162951536f,-0.4354007880275639f,0f,1f,0f,0.0625f,0.9510565162951536f,0f,0.3090169943749473f,0.07575390277059244f,0f,0f,0f,1f], start_interpolation: 0, interpolation_duration: 1 }
$data merge entity $(bone_flipper7) { transformation: [0.9510565162951535f,0f,0.3090169943749476f,0.13519493503903954f,0f,1f,0f,0.0625f,-0.3090169943749476f,0f,0.9510565162951535f,0.41608722587912966f,0f,0f,0f,1f], start_interpolation: 0, interpolation_duration: 1 }
$data merge entity $(bone_flipper8) { transformation: [-0.30901699437494773f,0f,0.9510565162951534f,0.35664619361068256f,0f,1f,0f,0.0625f,-0.9510565162951534f,0f,-0.30901699437494773f,-0.11588137289060532f,0f,0f,0f,1f], start_interpolation: 0, interpolation_duration: 1 }