# This file was generated by Animated Java via MC-Build. It is not recommended to edit this file directly.
$data merge entity $(bone_core) { transformation: [-0.9723699203976767f,0f,-0.2334453638559051f,0f,0f,1f,0f,0f,0.2334453638559051f,0f,-0.9723699203976767f,0f,0f,0f,0f,1f], start_interpolation: 0, interpolation_duration: 1 }
$data merge entity $(bone_flipper) { transformation: [-0.9723699203976767f,0f,-0.2334453638559051f,-0.0413592266621037f,0f,1f,0f,0.0625f,0.2334453638559051f,0f,-0.9723699203976767f,-0.4400021754149776f,0f,0f,0f,1f], start_interpolation: 0, interpolation_duration: 1 }
$data merge entity $(bone_flipper2) { transformation: [-0.522498564715949f,-0.037191641612204895f,-0.8518286398472188f,-0.45218073159509314f,3.469446951953614e-18f,0.9990482215818578f,-0.043619387365336f,0.0625f,0.8526401643540921f,-0.022791067292177065f,-0.5220012618585421f,-0.27709670870316433f,0f,0f,0f,1f], start_interpolation: 0, interpolation_duration: 1 }
$data merge entity $(bone_flipper3) { transformation: [0.9304175679820241f,-0.015986558978357983f,-0.3661523987664791f,-0.27709670870316433f,1.734723475976807e-18f,0.9990482215818578f,-0.04361938736533599f,0.0625f,0.3665012267242979f,0.04058424430932175f,0.9295320166209585f,0.45218073159509314f,0f,0f,0f,1f], start_interpolation: 0, interpolation_duration: 1 }
$data merge entity $(bone_flipper4) { transformation: [0.2840153447039224f,0.04182312942874448f,0.9579071509376567f,0.45218073159509314f,3.469446951953614e-18f,0.9990482215818578f,-0.043619387365336f,0.0625f,-0.958819734868193f,0.012388575338339832f,0.2837450250284121f,0.27709670870316433f,0f,0f,0f,1f], start_interpolation: 0, interpolation_duration: 1 }
$data merge entity $(bone_flipper5) { transformation: [-0.7489557207890021f,0.028903080559159876f,0.6619893807544175f,0.27709670870316433f,0f,0.9990482215818578f,-0.04361938736533599f,0.0625f,-0.6626200482157376f,-0.03266898970457991f,-0.748242880897811f,-0.45218073159509314f,0f,0f,0f,1f], start_interpolation: 0, interpolation_duration: 1 }
$data merge entity $(bone_flipper6) { transformation: [0.2334453638559049f,0f,-0.9723699203976767f,-0.4400021754149776f,0f,1f,0f,0.0625f,0.9723699203976767f,0f,0.2334453638559049f,0.0413592266621037f,0f,0f,0f,1f], start_interpolation: 0, interpolation_duration: 1 }
$data merge entity $(bone_flipper7) { transformation: [0.9723699203976767f,0f,0.23344536385590522f,0.10213234668695849f,0f,1f,0f,0.0625f,-0.23344536385590522f,0f,0.9723699203976767f,0.42541184017398354f,0f,0f,0f,1f], start_interpolation: 0, interpolation_duration: 1 }
$data merge entity $(bone_flipper8) { transformation: [-0.23344536385590534f,0f,0.9723699203976767f,0.36463872014912874f,0f,1f,0f,0.0625f,-0.9723699203976767f,0f,-0.23344536385590534f,-0.08754201144596442f,0f,0f,0f,1f], start_interpolation: 0, interpolation_duration: 1 }