# This file was generated by Animated Java via MC-Build. It is not recommended to edit this file directly.
$data merge entity $(bone_core) { transformation: [-0.9876883405951379f,0f,-0.15643446504023012f,0f,0f,1f,0f,0f,0.15643446504023012f,0f,-0.9876883405951379f,0f,0f,0f,0f,1f], start_interpolation: 0, interpolation_duration: 1 }
$data merge entity $(bone_flipper) { transformation: [-0.9876883405951379f,0f,-0.15643446504023012f,-0.006709557167904563f,0f,1f,0f,0.0625f,0.15643446504023012f,0f,-0.9876883405951379f,-0.4418908030753872f,0f,0f,0f,1f], start_interpolation: 0, interpolation_duration: 1 }
$data merge entity $(bone_flipper2) { transformation: [-0.5877852522924737f,-0.03528882566278067f,-0.8082469894597908f,-0.429046052113263f,3.469446951953614e-18f,0.9990482215818578f,-0.043619387365336f,0.0625f,0.809016994374947f,-0.025638832607377166f,-0.5872258109748394f,-0.3117202033330904f,0f,0f,0f,1f], start_interpolation: 0, interpolation_duration: 1 }
$data merge entity $(bone_flipper3) { transformation: [0.8987940462991664f,-0.01912148086157938f,-0.4379539145924284f,-0.3117202033330904f,1.734723475976807e-18f,0.9990482215818578f,-0.04361938736533599f,0.0625f,0.4383711467890785f,0.039204845667181076f,0.8979385935235441f,0.429046052113263f,0f,0f,0f,1f], start_interpolation: 0, interpolation_duration: 1 }
$data merge entity $(bone_flipper4) { transformation: [0.3583679495453005f,0.04072220626007703f,0.9326918647956616f,0.429046052113263f,3.469446951953614e-18f,0.9990482215818578f,-0.043619387365336f,0.0625f,-0.9335804264972016f,0.01563179041053766f,0.3580268626651695f,0.3117202033330904f,0f,0f,0f,1f], start_interpolation: 0, interpolation_duration: 1 }
$data merge entity $(bone_flipper5) { transformation: [-0.694658370458997f,0.031377161398275094f,0.7186551482413784f,0.3117202033330904f,0f,0.9990482215818578f,-0.04361938736533599f,0.0625f,-0.7193398003386515f,-0.030300572547624062f,-0.6939972096140122f,-0.429046052113263f,0f,0f,0f,1f], start_interpolation: 0, interpolation_duration: 1 }
$data merge entity $(bone_flipper6) { transformation: [0.1564344650402299f,0f,-0.9876883405951379f,-0.4418908030753872f,0f,1f,0f,0.0625f,0.9876883405951379f,0f,0.1564344650402299f,0.006709557167904563f,0f,0f,0f,1f], start_interpolation: 0, interpolation_duration: 1 }
$data merge entity $(bone_flipper7) { transformation: [0.9876883405951379f,0f,0.15643446504023023f,0.06844007845510068f,0f,1f,0f,0.0625f,-0.15643446504023023f,0f,0.9876883405951379f,0.4321136490103728f,0f,0f,0f,1f], start_interpolation: 0, interpolation_duration: 1 }
$data merge entity $(bone_flipper8) { transformation: [-0.15643446504023034f,0f,0.9876883405951379f,0.3703831277231767f,0f,1f,0f,0.0625f,-0.9876883405951379f,0f,-0.15643446504023034f,-0.058662924390086295f,0f,0f,0f,1f], start_interpolation: 0, interpolation_duration: 1 }