# This file was generated by Animated Java via MC-Build. It is not recommended to edit this file directly.
$data merge entity $(bone_core) { transformation: [-0.996917333733128f,0f,-0.0784590957278455f,0f,0f,1f,0f,0f,0.0784590957278455f,0f,-0.996917333733128f,0f,0f,0f,0f,1f], start_interpolation: 0, interpolation_duration: 1 }
$data merge entity $(bone_flipper) { transformation: [-0.996917333733128f,0f,-0.0784590957278455f,0.02798147897738809f,0f,1f,0f,0.0625f,0.0784590957278455f,0f,-0.996917333733128f,-0.44105502699123383f,0f,0f,0f,1f], start_interpolation: 0, interpolation_duration: 1 }
$data merge entity $(bone_flipper2) { transformation: [-0.6494480483301832f,-0.03316844236842013f,-0.7596822276129467f,-0.40326616104786506f,3.469446951953614e-18f,0.9990482215818578f,-0.043619387365336f,0.0625f,0.7604059656000314f,-0.02832852599377572f,-0.6488299176940779f,-0.3444218392519809f,0f,0f,0f,1f], start_interpolation: 0, interpolation_duration: 1 }
$data merge entity $(bone_flipper3) { transformation: [0.8616291604415258f,-0.022138512456751448f,-0.5070552989004589f,-0.3444218392519809f,1.734723475976807e-18f,0.9990482215818578f,-0.04361938736533599f,0.0625f,0.507538362960704f,0.037583736114568146f,0.8608090804021754f,0.40326616104786506f,0f,0f,0f,1f], start_interpolation: 0, interpolation_duration: 1 }
$data merge entity $(bone_flipper4) { transformation: [0.4305110968082942f,0.03937021714830853f,0.901726223155684f,0.40326616104786506f,3.469446951953614e-18f,0.9990482215818578f,-0.043619387365336f,0.0625f,-0.9025852843498611f,0.018778630296756662f,0.4301013456375814f,0.3444218392519809f,0f,0f,0f,1f], start_interpolation: 0, interpolation_duration: 1 }
$data merge entity $(bone_flipper5) { transformation: [-0.6360782202777645f,0.03365779160340495f,0.7708901677623431f,0.3444218392519809f,0f,0.9990482215818578f,-0.04361938736533599f,0.0625f,-0.7716245833877196f,-0.02774534228494933f,-0.6354728147554539f,-0.40326616104786506f,0f,0f,0f,1f], start_interpolation: 0, interpolation_duration: 1 }
$data merge entity $(bone_flipper6) { transformation: [0.07845909572784528f,0f,-0.996917333733128f,-0.44105502699123383f,0f,1f,0f,0.0625f,0.996917333733128f,0f,0.07845909572784528f,-0.02798147897738809f,0f,0f,0f,1f], start_interpolation: 0, interpolation_duration: 1 }
$data merge entity $(bone_flipper7) { transformation: [0.996917333733128f,0f,0.07845909572784562f,0.03432585438093241f,0f,1f,0f,0.0625f,-0.07845909572784562f,0f,0.996917333733128f,0.4361513335082435f,0f,0f,0f,1f], start_interpolation: 0, interpolation_duration: 1 }
$data merge entity $(bone_flipper8) { transformation: [-0.07845909572784572f,0f,0.996917333733128f,0.373844000149923f,0f,1f,0f,0.0625f,-0.996917333733128f,0f,-0.07845909572784572f,-0.029422160897942064f,0f,0f,0f,1f], start_interpolation: 0, interpolation_duration: 1 }