# This file was generated by Animated Java via MC-Build. It is not recommended to edit this file directly.
$data merge entity $(bone_core) { transformation: [-1f,0f,-1.2246467991473532e-16f,0f,0f,1f,0f,0f,1.2246467991473532e-16f,0f,-1f,0f,0f,0f,0f,1f], start_interpolation: 0, interpolation_duration: 1 }
$data merge entity $(bone_flipper) { transformation: [-1f,0f,-1.2246467991473532e-16f,0.062499999999999944f,0f,1f,0f,0.0625f,1.2246467991473532e-16f,0f,-1f,-0.4375f,0f,0f,0f,1f], start_interpolation: 0, interpolation_duration: 1 }
$data merge entity $(bone_flipper2) { transformation: [-0.7071067811865474f,-0.030843564597231903f,-0.7064337722128924f,-0.37500000000000006f,3.469446951953614e-18f,0.9990482215818578f,-0.043619387365336f,0.0625f,0.7071067811865477f,-0.030843564597231896f,-0.7064337722128919f,-0.37499999999999994f,0f,0f,0f,1f], start_interpolation: 0, interpolation_duration: 1 }
$data merge entity $(bone_flipper3) { transformation: [0.8191520442889916f,-0.025019052760825274f,-0.5730305186777724f,-0.37499999999999994f,1.734723475976807e-18f,0.9990482215818578f,-0.04361938736533599f,0.0625f,0.5735764363510463f,0.035730910330948384f,0.8183723930520602f,0.37500000000000006f,0f,0f,0f,1f], start_interpolation: 0, interpolation_duration: 1 }
$data merge entity $(bone_flipper4) { transformation: [0.49999999999999944f,0.03777549755589496f,0.865201139495554f,0.37500000000000006f,3.469446951953614e-18f,0.9990482215818578f,-0.043619387365336f,0.0625f,-0.8660254037844389f,0.021809693682667986f,0.4995241107909284f,0.37499999999999994f,0f,0f,0f,1f], start_interpolation: 0, interpolation_duration: 1 }
$data merge entity $(bone_flipper5) { transformation: [-0.5735764363510464f,0.0357309103309484f,0.8183723930520602f,0.37499999999999994f,0f,0.9990482215818578f,-0.04361938736533599f,0.0625f,-0.8191520442889916f,-0.025019052760825278f,-0.5730305186777725f,-0.37500000000000006f,0f,0f,0f,1f], start_interpolation: 0, interpolation_duration: 1 }
$data merge entity $(bone_flipper6) { transformation: [-9.957992501029599e-17f,0f,-1f,-0.4375f,0f,1f,0f,0.0625f,1f,0f,-9.957992501029599e-17f,-0.062499999999999944f,0f,0f,0f,1f], start_interpolation: 0, interpolation_duration: 1 }
$data merge entity $(bone_flipper7) { transformation: [1f,0f,2.4492935982947064e-16f,5.35782974626967e-17f,0f,1f,0f,0.0625f,-2.4492935982947064e-16f,0f,1f,0.4375f,0f,0f,0f,1f], start_interpolation: 0, interpolation_duration: 1 }
$data merge entity $(bone_flipper8) { transformation: [-3.4450928483976665e-16f,0f,1f,0.375f,0f,1f,0f,0.0625f,-1f,0f,-3.4450928483976665e-16f,-4.592425496802574e-17f,0f,0f,0f,1f], start_interpolation: 0, interpolation_duration: 1 }