# This file was generated by Animated Java via MC-Build. It is not recommended to edit this file directly.
$data merge entity $(bone_core) { transformation: [-0.7604059656000308f,0f,0.6494480483301838f,0f,0f,1f,0f,0f,-0.6494480483301838f,0f,-0.7604059656000308f,0f,0f,0f,0f,1f], start_interpolation: 0, interpolation_duration: 1 }
$data merge entity $(bone_flipper) { transformation: [-0.7604059656000308f,0f,0.6494480483301838f,0.3316588939944573f,0f,1f,0f,0.0625f,-0.6494480483301838f,0f,-0.7604059656000308f,-0.292087106929377f,0f,0f,0f,1f], start_interpolation: 0, interpolation_duration: 1 }
$data merge entity $(bone_flipper2) { transformation: [-0.996917333733128f,-0.003422337688886841f,-0.07838442005382423f,-0.041609218976192686f,3.469446951953614e-18f,0.9990482215818578f,-0.043619387365336f,0.0625f,0.07845909572784487f,-0.04348492335132326f,-0.9959684893302089f,-0.5286952552238304f,0f,0f,0f,1f], start_interpolation: 0, interpolation_duration: 1 }
$data merge entity $(bone_flipper3) { transformation: [0.2503800040544408f,-0.042230006952488686f,-0.9672261783484206f,-0.5286952552238304f,1.734723475976807e-18f,0.9990482215818578f,-0.04361938736533599f,0.0625f,0.9681476403781079f,0.01092142238538505f,0.2501416977702474f,0.041609218976192686f,0f,0f,0f,1f], start_interpolation: 0, interpolation_duration: 1 }
$data merge entity $(bone_flipper4) { transformation: [0.9426414910921782f,0.014560450698124047f,0.33348914906932464f,0.041609218976192686f,3.469446951953614e-18f,0.9990482215818578f,-0.043619387365336f,0.0625f,-0.3338068592337712f,0.04111744434658765f,0.9417443052649114f,0.5286952552238304f,0f,0f,0f,1f], start_interpolation: 0, interpolation_duration: 1 }
$data merge entity $(bone_flipper5) { transformation: [0.09584575252022398f,0.0434185723585608f,0.994448801748072f,0.5286952552238304f,0f,0.9990482215818578f,-0.04361938736533599f,0.0625f,-0.9953961983671789f,0.004180733006501777f,0.09575452860150463f,-0.041609218976192686f,0f,0f,0f,1f], start_interpolation: 0, interpolation_duration: 1 }
$data merge entity $(bone_flipper6) { transformation: [-0.649448048330184f,0f,-0.7604059656000307f,-0.292087106929377f,0f,1f,0f,0.0625f,0.7604059656000307f,0f,-0.649448048330184f,-0.3316588939944573f,0f,0f,0f,1f], start_interpolation: 0, interpolation_duration: 1 }
$data merge entity $(bone_flipper7) { transformation: [0.7604059656000309f,0f,-0.6494480483301837f,-0.2841335211444554f,0f,1f,0f,0.0625f,0.6494480483301837f,0f,0.7604059656000309f,0.3326776099500135f,0f,0f,0f,1f], start_interpolation: 0, interpolation_duration: 1 }
$data merge entity $(bone_flipper8) { transformation: [0.6494480483301835f,0f,0.7604059656000309f,0.2851522371000116f,0f,1f,0f,0.0625f,-0.7604059656000309f,0f,0.6494480483301835f,0.2435430181238189f,0f,0f,0f,1f], start_interpolation: 0, interpolation_duration: 1 }