# This file was generated by Animated Java via MC-Build. It is not recommended to edit this file directly.
execute unless entity @s[type=item_display,tag=aj.blueprinttest.root] run return run function animated_java:global/errors/function_not_executed_as_root_entity {'export_namespace': 'blueprinttest', 'function_path': 'animated_java:blueprinttest/set_default_pose'}
execute on passengers if entity @s[tag=aj.blueprinttest.bone.core] run data merge entity @s {transformation: [-1f,0f,1.2246467991473532e-16f,0f,0f,1f,0f,0f,-1.2246467991473532e-16f,0f,-1f,0f,0f,0f,0f,1f], start_interpolation: -1}
execute on passengers if entity @s[tag=aj.blueprinttest.bone.flipper] run data merge entity @s {transformation: [-1f,0f,1.2246467991473532e-16f,0.06250000000000006f,0f,1f,0f,0.0625f,-1.2246467991473532e-16f,0f,-1f,-0.4375f,0f,0f,0f,1f], start_interpolation: -1}
execute on passengers if entity @s[tag=aj.blueprinttest.bone.flipper2] run data merge entity @s {transformation: [-0.7071067811865476f,-0.030843564597231896f,-0.7064337722128922f,-0.37499999999999994f,3.469446951953614e-18f,0.9990482215818578f,-0.043619387365336f,0.0625f,0.7071067811865475f,-0.030843564597231903f,-0.7064337722128922f,-0.37500000000000006f,0f,0f,0f,1f], start_interpolation: -1}
execute on passengers if entity @s[tag=aj.blueprinttest.bone.flipper3] run data merge entity @s {transformation: [0.8191520442889914f,-0.02501905276082528f,-0.5730305186777727f,-0.37500000000000006f,1.734723475976807e-18f,0.9990482215818578f,-0.04361938736533599f,0.0625f,0.5735764363510465f,0.035730910330948384f,0.81837239305206f,0.37499999999999994f,0f,0f,0f,1f], start_interpolation: -1}
execute on passengers if entity @s[tag=aj.blueprinttest.bone.flipper4] run data merge entity @s {transformation: [0.49999999999999967f,0.03777549755589496f,0.8652011394955538f,0.37499999999999994f,3.469446951953614e-18f,0.9990482215818578f,-0.043619387365336f,0.0625f,-0.8660254037844387f,0.021809693682667993f,0.4995241107909286f,0.37500000000000006f,0f,0f,0f,1f], start_interpolation: -1}
execute on passengers if entity @s[tag=aj.blueprinttest.bone.flipper5] run data merge entity @s {transformation: [-0.5735764363510462f,0.0357309103309484f,0.8183723930520604f,0.37500000000000006f,0f,0.9990482215818578f,-0.04361938736533599f,0.0625f,-0.8191520442889918f,-0.02501905276082527f,-0.5730305186777723f,-0.37499999999999994f,0f,0f,0f,1f], start_interpolation: -1}
execute on passengers if entity @s[tag=aj.blueprinttest.bone.flipper6] run data merge entity @s {transformation: [-3.4450928483976665e-16f,0f,-1f,-0.4375f,0f,1f,0f,0.0625f,1f,0f,-3.4450928483976665e-16f,-0.06250000000000006f,0f,0f,0f,1f], start_interpolation: -1}
execute on passengers if entity @s[tag=aj.blueprinttest.bone.flipper7] run data merge entity @s {transformation: [1f,0f,0f,-5.35782974626967e-17f,0f,1f,0f,0.0625f,0f,0f,1f,0.4375f,0f,0f,0f,1f], start_interpolation: -1}
execute on passengers if entity @s[tag=aj.blueprinttest.bone.flipper8] run data merge entity @s {transformation: [-9.957992501029599e-17f,0f,1f,0.375f,0f,1f,0f,0.0625f,-1f,0f,-9.957992501029599e-17f,4.592425496802574e-17f,0f,0f,0f,1f], start_interpolation: -1}